elpd_loo = -431.710459
loo_se = 12.267928
rms = 8.158572
