elpd_loo = -369.781306
p_loo = 16.869104
loo_se = 0.000000
elpd_waic = -374.619299
p_waic = 21.707097
waic_se = 0.000000
