elpd_loo = -409.096516
p_loo = 17.084685
loo_se = 9.584709
elpd_waic = -408.253593
p_waic = 16.241762
waic_se = 9.303147
