elpd_loo = -457.417444
p_loo = 24.981611
loo_se = 13.475637
elpd_waic = -456.051306
p_waic = 23.615472
waic_se = 13.383978
rms = 8.668068
