elpd_loo = -407.393390
p_loo = 15.688493
loo_se = 9.416005
elpd_waic = -406.401692
p_waic = 14.696795
waic_se = 9.039639
