elpd_loo = -436.398046
loo_se = 12.570699
rms = 7.522999
