elpd_loo = -379.275673
p_loo = 10.659559
loo_se = 0.000000
elpd_waic = -378.331191
p_waic = 9.715078
waic_se = 0.000000
