elpd_loo = -377.377552
p_loo = 9.083316
loo_se = 0.000000
elpd_waic = -377.253570
p_waic = 8.959334
waic_se = 0.000000
