elpd_loo = -462.889889
p_loo = 26.826665
loo_se = 13.789097
elpd_waic = -461.014210
p_waic = 24.950986
waic_se = 13.541635
rms = 8.933331
