elpd_loo = -370.695633
p_loo = 21.327849
loo_se = 12.346809
elpd_waic = -369.268139
p_waic = 19.900355
waic_se = 12.072129
