elpd_loo = -372.980836
p_loo = 24.421901
loo_se = 12.679706
elpd_waic = -371.174809
p_waic = 22.615873
waic_se = 12.271282
