elpd_loo = -429.000133
loo_se = 12.908136
rms = 8.272734
