elpd_loo = -367.729600
p_loo = 15.605470
loo_se = 0.000000
elpd_waic = -369.457074
p_waic = 17.332945
waic_se = 0.000000
