elpd_loo = -497.259806
p_loo = 17.389192
loo_se = 10.869944
elpd_waic = -496.474289
p_waic = 16.603675
waic_se = 10.686281
rms = 9.477947
