elpd_loo = -371.059075
p_loo = 15.916805
loo_se = 0.000000
elpd_waic = -371.541198
p_waic = 16.398928
waic_se = 0.000000
