elpd_loo = -433.958553
loo_se = 12.207835
rms = 7.386218
