elpd_loo = -433.611731
loo_se = 12.620488
rms = 8.376863
