elpd_loo = -372.135788
p_loo = 21.041611
loo_se = 12.329209
elpd_waic = -371.241851
p_waic = 20.147674
waic_se = 12.222599
