elpd_loo = -433.443533
loo_se = 12.572275
rms = 8.353731
