elpd_loo = -377.033402
p_loo = 18.454532
loo_se = 10.993096
elpd_waic = -376.343627
p_waic = 17.764757
waic_se = 10.895543
