elpd_loo = -365.084543
p_loo = 10.603574
loo_se = 0.000000
elpd_waic = -365.546628
p_waic = 11.065658
waic_se = 0.000000
