elpd_loo = -496.874985
p_loo = 18.284649
loo_se = 10.461821
elpd_waic = -496.044170
p_waic = 17.453835
waic_se = 10.274420
rms = 9.277174
