elpd_loo = -431.431193
loo_se = 12.644340
rms = 8.167909
