log_t0 = -2.028289 (+0.002712, -0.002754)
log_P = 1.399219 (+0.000001, -0.000001)
log_K_0 = 2.848040 (+0.036834, -0.039197)
log_ror = -2.624486 (+0.024012, -0.021316)
lc_mean = 0.001464 (+0.016784, -0.017269)
logs = -2.130840 (+0.345793, -0.449112)
trend_0 = 0.000011 ± 0.000004
trend_1 = 0.006004 (+0.003248, -0.003206)
trend_2 = 0.050723 (+0.979820, -0.949021)
means_0 = -5.145357 (+2.346132, -2.394590)
means_1 = -2.919682 (+3.015233, -2.953713)
means_2 = 10.553775 (+3.488809, -3.612527)
means_3 = 0.897785 (+2.374870, -2.333055)
means_4 = 4.148605 (+3.399785, -3.414408)
means_5 = -8.823489 (+2.849164, -2.667446)
means_6 = 2.853667 (+2.727549, -2.682225)
means_7 = 0.168581 (+4.969259, -5.098212)
log_sigmas_0 = 0.602909 (+0.521110, -0.770275)
log_sigmas_1 = 1.957857 (+0.424749, -0.647310)
log_sigmas_2 = -0.562897 (+0.511409, -0.728413)
log_sigmas_3 = -0.187649 (+0.654182, -0.752267)
log_sigmas_4 = 1.513097 (+0.583603, -0.757086)
log_sigmas_5 = 0.754289 (+0.646029, -0.925491)
log_sigmas_6 = 1.849093 (+0.329247, -0.425370)
log_sigmas_7 = 2.188830 (+0.240520, -0.283790)
log_rho_gp = 2.334886 (+0.427082, -0.428721)
q1 = 0.521824 (+0.279862, -0.201946)
q2 = 0.328010 (+0.351507, -0.224719)
mstar = 0.541984 (+0.001044, -0.000989)
rstar = 0.536056 (+0.000992, -0.000997)
b = 0.714540 (+0.026624, -0.026589)
e = 0.028928 (+0.024278, -0.019346)
w = -1.827492 (+4.328619, -0.792533)
sigma_gp = 6.437021 (+1.645567, -1.195231)
u_star_0 = 0.469512 (+0.357419, -0.305427)
u_star_1 = 0.249596 (+0.397425, -0.459642)
t0 = 0.131560 (+0.000357, -0.000362)
P = 4.052032 (+0.000003, -0.000003)
K_0 = 17.253939 (+0.647388, -0.663211)
ror = 0.072477 (+0.001761, -0.001529)
r_pl = 4.238529 (+0.104094, -0.089739)
m_pl_0 = 28.575675 (+1.068835, -1.099381)
density_pl_0 = 2.062666 (+0.151373, -0.164552)
a_0 = 0.040557 (+0.000026, -0.000025)
teq_0 = 722.846392 (+0.693404, -0.700004)
CARMENES-VIS_jitter = 1.827 (+0.952, -1.408)
CARMENES-NIR_jitter = 7.084 (+3.009, -4.586)
ESPRESSO_jitter = 0.570 (+0.291, -0.415)
HIRES_jitter = 0.829 (+0.542, -0.624)
iSHELL_jitter = 4.541 (+2.650, -3.438)
PFS_jitter = 2.126 (+1.374, -1.968)
SPIROU-1_jitter = 6.354 (+2.092, -2.703)
SPIROU-2_jitter = 8.925 (+2.147, -2.533)
m_pl_0_precision = 3.8473 %
r_pl_precision = 2.4559 %
P_precision = 0.0001 %
t0_precision = 0.2750 %
