K = 18.706198 (+0.966979, -0.991322)
P = 4.052032 (+0.000003, -0.000003)
Sector_32::lc_mean = 0.139304 (+0.181815, -0.164808)
Sector_32::log_rho_gp = 0.230284 (+0.763274, -0.594671)
Sector_32::log_sigma_gp = -0.448011 (+0.176591, -0.176854)
Sector_32::log_sigma_lc = -0.022208 (+0.019446, -0.018960)
Sector_5::lc_mean = 0.023430 (+0.028878, -0.030315)
Sector_5::log_rho_gp = -0.531867 (+10.274344, -7.540274)
Sector_5::log_sigma_gp = -4.965565 (+3.076814, -7.035517)
Sector_5::log_sigma_lc = -0.018046 (+0.017776, -0.017660)
__b_impact_parameter = 0.702927 (+0.027165, -0.033846)
__k_unit_disk = 0.127677 (+0.120921, -0.158238)
__u_star_q1 = 0.467268 (+0.283209, -0.183490)
__u_star_q2 = 0.324995 (+0.354768, -0.219565)
a = 0.041798 (+0.000448, -0.000473)
b = 0.755027 (+0.030165, -0.037658)
density_pl = 1.520807 (+0.242731, -0.194264)
e = 0.051840 (+0.036592, -0.031049)
h = -0.147651 (+0.102952, -0.069578)
k = 0.125191 (+0.121859, -0.155341)
logP = 1.399218 (+0.000001, -0.000001)
log_ror = -2.606350 (+0.025587, -0.024154)
log_sigmas_rv_0 = 2.189450 (+0.239881, -0.239629)
log_sigmas_rv_1 = 1.748010 (+0.169250, -0.165744)
log_sigmas_rv_2 = 1.847100 (+0.450287, -0.665264)
log_sigmas_rv_3 = 1.731256 (+0.177676, -0.151755)
log_sigmas_rv_4 = 1.427136 (+0.245254, -0.241604)
log_sigmas_rv_5 = 1.766722 (+0.421943, -0.588117)
log_sigmas_rv_6 = 0.693064 (+0.552489, -0.784262)
m_pl = 32.881590 (+1.836907, -1.909528)
means_0 = 4.059965 (+2.524715, -2.719681)
means_1 = -2.679853 (+1.638800, -1.661513)
means_2 = -1.416518 (+2.509689, -2.449236)
means_3 = 18.049053 (+1.514646, -1.447028)
means_4 = 0.811734 (+1.497879, -1.605677)
means_5 = 6.492976 (+3.565668, -3.173829)
means_6 = -9.997351 (+1.414667, -1.266975)
mstar = 0.593256 (+0.019273, -0.019925)
r_pl = 4.918518 (+0.199642, -0.209749)
ror = 0.073803 (+0.001913, -0.001761)
rstar = 0.609894 (+0.016508, -0.016945)
t0 = 0.131496 (+0.000388, -0.000377)
teq = 727.518524 (+10.552277, -10.622406)
trend_0 = -0.000031 (+0.000113, -0.000112)
trend_1 = -0.002400 (+0.009204, -0.009649)
u_star_0 = 0.456243 (+0.352662, -0.301625)
u_star_1 = 0.234654 (+0.391513, -0.441003)
w = 2.123223 (+0.572511, -4.145113)
SPIROU_jitter = 8.930 (+2.142, -2.140)
CARMENES-VIS_jitter = 5.743 (+0.972, -0.952)
CARMENES-NIR_jitter = 6.341 (+2.855, -4.219)
ESPRESSO_jitter = 5.648 (+1.003, -0.857)
HIRES_jitter = 4.167 (+1.022, -1.007)
iSHELL_jitter = 5.852 (+2.469, -3.441)
PFS_jitter = 2.000 (+1.105, -1.568)
Sector_5_timescale = 0.132 (+1.359, -0.997)
Sector_32_timescale = 0.283 (+0.216, -0.169)
