log_t0 = -2.028315 (+0.002729, -0.002803)
log_P = 1.399219 (+0.000001, -0.000001)
log_K_0 = 2.843373 (+0.033561, -0.035110)
log_ror = -2.625237 (+0.023465, -0.019793)
lc_mean = 0.001247 (+0.017325, -0.017188)
logs = -2.130358 (+0.348966, -0.448812)
trend_0 = 0.000011 (+0.000003, -0.000003)
trend_1 = 0.006139 (+0.002984, -0.003075)
trend_2 = 0.016795 (+0.995827, -0.961080)
means_0 = -5.362245 (+2.283544, -2.260617)
means_1 = -3.143530 (+2.991838, -2.921563)
means_2 = 12.085143 (+2.824295, -3.035651)
means_3 = 0.250140 (+2.193162, -2.110798)
means_4 = 3.577022 (+3.144148, -3.097737)
means_5 = -9.344546 (+2.592585, -2.450683)
means_6 = 3.029986 (+2.721638, -2.763725)
means_7 = -0.150304 (+4.956963, -4.823929)
log_sigmas_0 = 0.705174 (+0.436926, -0.703257)
log_sigmas_1 = 1.928855 (+0.429142, -0.619815)
log_sigmas_2 = -0.490636 (+0.492878, -0.713415)
log_sigmas_3 = -0.239646 (+0.637341, -0.756393)
log_sigmas_4 = 1.647620 (+0.512131, -0.719337)
log_sigmas_5 = 0.723792 (+0.594354, -0.877099)
log_sigmas_6 = 2.011553 (+0.282359, -0.323808)
log_sigmas_7 = 2.399139 (+0.208723, -0.225041)
log_rho_gp = 2.082174 (+0.743519, -0.666485)
q1 = 0.522691 (+0.280656, -0.202885)
q2 = 0.316377 (+0.361181, -0.213865)
mstar = 0.542016 (+0.000976, -0.001011)
rstar = 0.536037 (+0.000975, -0.001000)
b = 0.714224 (+0.023922, -0.025817)
e = 0.028529 (+0.021189, -0.017885)
w = -1.969709 (+4.542889, -0.722374)
e_2 = 0.157516 (+0.162987, -0.107946)
w_2 = -0.428380 (+1.817708, -1.069531)
P_2 = 15.985901 (+0.082823, -0.116071)
tperi_2 = 601.617156 (+4.550928, -2.573076)
K_2 = 5.447593 (+1.032293, -1.239743)
sigma_gp = 3.576330 (+1.753074, -1.002438)
u_star_0 = 0.467701 (+0.355393, -0.306081)
u_star_1 = 0.268256 (+0.385332, -0.476968)
t0 = 0.131557 (+0.000360, -0.000368)
P = 4.052032 (+0.000003, -0.000003)
K_0 = 17.173594 (+0.586147, -0.592502)
ror = 0.072423 (+0.001720, -0.001419)
r_pl = 4.234192 (+0.100930, -0.083018)
m_pl_0 = 28.442429 (+0.968369, -0.979500)
density_pl_0 = 2.054375 (+0.146825, -0.152738)
a_0 = 0.040558 (+0.000024, -0.000025)
teq_0 = 722.830453 (+0.705785, -0.704399)
m_pl_2 = 14.266122 (+2.698573, -3.245158)
a_2 = 0.101239 (+0.000387, -0.000475)
teq_2 = 457.528590 (+1.237413, -1.068262)
CARMENES-VIS_jitter = 2.024 (+0.884, -1.424)
CARMENES-NIR_jitter = 6.882 (+2.953, -4.265)
ESPRESSO_jitter = 0.612 (+0.302, -0.437)
HIRES_jitter = 0.787 (+0.502, -0.595)
iSHELL_jitter = 5.195 (+2.660, -3.737)
PFS_jitter = 2.062 (+1.226, -1.809)
SPIROU-1_jitter = 7.475 (+2.111, -2.420)
SPIROU-2_jitter = 11.014 (+2.299, -2.479)
m_pl_0_precision = 3.4438 %
r_pl_precision = 2.3837 %
P_precision = 0.0001 %
t0_precision = 0.2799 %
