K = 17.661397 (+0.801103, -0.785182)
K_2 = 6.855152 (+0.529356, -0.492850)
P = 4.052031 (+0.000003, -0.000003)
P_2 = 12.864178 (+3.267156, -3.017151)
Sector_32::lc_mean = 0.026299 (+0.343774, -0.337636)
Sector_32::rho_gp = 0.711501 (+0.636877, -0.296849)
Sector_32::sigma_gp = 0.895707 (+0.365376, -0.212718)
Sector_32::sigma_lc = 0.949050 (+0.048534, -0.046350)
Sector_5::lc_mean = 0.040494 (+0.136642, -0.136268)
Sector_5::rho_gp = 0.990876 (+1.594358, -0.611572)
Sector_5::sigma_gp = 0.296042 (+0.162334, -0.108181)
Sector_5::sigma_lc = 0.907235 (+0.048245, -0.044494)
__b_impact_parameter = 0.716171 (+0.021074, -0.028920)
__k_2_unit_disk = -0.405088 (+0.269809, -0.174287)
__k_unit_disk = 0.047298 (+0.116782, -0.124828)
__u_star_q1 = 0.440689 (+0.250616, -0.167501)
__u_star_q2 = 0.343401 (+0.374074, -0.253535)
a = 0.041765 (+0.000473, -0.000498)
a_2 = 0.089719 (+0.015654, -0.014572)
b = 0.769879 (+0.023625, -0.031916)
density_pl = 1.355271 (+0.215859, -0.161559)
e = 0.037516 (+0.021644, -0.018381)
e_2 = 0.312733 (+0.114674, -0.144527)
h = -0.152116 (+0.089583, -0.053490)
h_2 = 0.017022 (+0.304293, -0.552409)
k = 0.046692 (+0.115794, -0.122991)
k_2 = -0.377722 (+0.262401, -0.180361)
m_pl = 30.986342 (+1.583227, -1.533481)
m_pl_2 = 17.760113 (+1.893803, -2.063853)
means_0 = 3.221109 (+2.595143, -2.672578)
means_1 = -3.112895 (+1.027679, -1.210207)
means_2 = -1.783334 (+2.814881, -2.532153)
means_3 = 17.450755 (+1.036400, -1.068417)
means_4 = 1.486318 (+1.216021, -1.521692)
means_5 = 7.044303 (+2.446840, -2.574013)
means_6 = -8.681858 (+1.857009, -3.236093)
mstar = 0.591860 (+0.020351, -0.020931)
r_pl = 5.005644 (+0.205491, -0.212675)
ror = 0.074712 (+0.002016, -0.001643)
rstar = 0.612137 (+0.017443, -0.017257)
sigmas_0 = 8.927509 (+2.483989, -1.985118)
sigmas_1 = 5.414857 (+1.856768, -1.923436)
sigmas_2 = 7.833499 (+3.820967, -3.438841)
sigmas_3 = 0.858234 (+0.460527, -0.390757)
sigmas_4 = 3.292482 (+1.256289, -1.173432)
sigmas_5 = 4.157850 (+3.261504, -2.142561)
sigmas_6 = 3.940409 (+3.387120, -2.541931)
t0 = 0.131503 (+0.000374, -0.000368)
t0_2 = 305.264114 (+2.290755, -3.887200)
teq = 729.478662 (+10.839881, -11.194223)
teq_2 = 502.034543 (+43.760360, -44.644435)
u_star_0 = 0.453480 (+0.376743, -0.324020)
u_star_1 = 0.209782 (+0.387879, -0.454643)
w = 1.990788 (+0.827464, -4.753039)
w_2 = -1.411142 (+0.594417, -1.373968)
SPIROU_jitter = 8.928 (+2.484, -1.985)
CARMENES-VIS_jitter = 5.415 (+1.857, -1.923)
CARMENES-NIR_jitter = 7.833 (+3.821, -3.439)
ESPRESSO_jitter = 0.858 (+0.461, -0.391)
HIRES_jitter = 3.292 (+1.256, -1.173)
iSHELL_jitter = 4.158 (+3.262, -2.143)
PFS_jitter = 3.940 (+3.387, -2.542)
Sector_5_timescale = 0.223 (+0.359, -0.138)
Sector_32_timescale = 0.160 (+0.143, -0.067)
m_pl_precision = 5.1094 %
r_pl_precision = 4.2487 %
P_precision = 0.0001 %
t0_precision = 0.2841 %
