K = 17.488633 (+0.784134, -0.820956)
K_2 = 6.848058 (+0.547342, -0.542830)
P = 4.051591 (+0.000060, -0.000131)
P_2 = 12.845249 (+3.229397, -3.005926)
Sector_32::lc_mean = -0.750347 (+1.083131, -0.834542)
Sector_32::rho_gp = 0.120946 (+0.038193, -0.026355)
Sector_32::sigma_gp = 3.204997 (+1.113996, -0.816174)
Sector_32::sigma_lc = 0.957457 (+0.057643, -0.056849)
Sector_5::lc_mean = 0.043488 (+0.137695, -0.140177)
Sector_5::rho_gp = 1.098012 (+1.957826, -0.676878)
Sector_5::sigma_gp = 0.283738 (+0.148797, -0.102833)
Sector_5::sigma_lc = 0.891994 (+0.046669, -0.039811)
__b_impact_parameter = 0.723826 (+0.021543, -0.024956)
__k_unit_disk = -0.012570 (+0.111618, -0.108677)
__u_star_q1 = 0.349594 (+0.279175, -0.185276)
__u_star_q2 = 0.355407 (+0.357432, -0.248844)
a = 0.041781 (+0.000484, -0.000469)
a_2 = 0.088736 (+0.016510, -0.013641)
b = 0.778455 (+0.023567, -0.027680)
density_pl = 1.367326 (+0.178340, -0.172514)
e = 0.013027 (+0.016268, -0.008831)
h = 0.001663 (+0.078979, -0.084799)
k = -0.012513 (+0.111528, -0.108732)
m_pl = 30.754503 (+1.502188, -1.521353)
m_pl_2 = 17.267115 (+2.902807, -1.835048)
means_0 = 3.207611 (+4.203138, -3.918026)
means_1 = -2.448698 (+2.380348, -3.148219)
means_2 = -1.264786 (+3.063946, -2.964017)
means_3 = 17.520841 (+1.008444, -1.035322)
means_4 = 2.186419 (+1.914933, -2.902625)
means_5 = 7.437796 (+3.906299, -4.185726)
means_6 = -7.524681 (+2.369865, -5.738646)
mstar = 0.592665 (+0.020877, -0.019742)
r_pl = 4.979403 (+0.212180, -0.188220)
ror = 0.074896 (+0.002003, -0.001605)
rstar = 0.609314 (+0.015686, -0.017036)
sigmas_0 = 9.163354 (+2.588336, -2.072229)
sigmas_1 = 5.517546 (+2.096720, -2.304902)
sigmas_2 = 7.686688 (+3.534812, -3.524908)
sigmas_3 = 1.463314 (+0.782173, -0.770431)
sigmas_4 = 2.746137 (+1.735356, -2.005265)
sigmas_5 = 4.420691 (+3.792678, -2.528143)
sigmas_6 = 4.018406 (+3.931903, -2.575246)
t0 = 0.132827 (+0.000467, -0.000409)
t0_2 = 304.749499 (+1.641615, -1.972724)
teq = 727.392205 (+10.184145, -11.120783)
teq_2 = 497.971633 (+47.433842, -42.300021)
trend_0 = -0.000046 (+0.000201, -0.000152)
trend_1 = -0.006875 (+0.022790, -0.017292)
u_star_0 = 0.385377 (+0.362300, -0.256322)
u_star_1 = 0.156026 (+0.377458, -0.361094)
w = -0.343971 (+2.147853, -1.768103)
SPIROU_jitter = 9.163 (+2.588, -2.072)
CARMENES-VIS_jitter = 5.518 (+2.097, -2.305)
CARMENES-NIR_jitter = 7.687 (+3.535, -3.525)
ESPRESSO_jitter = 1.463 (+0.782, -0.770)
HIRES_jitter = 2.746 (+1.735, -2.005)
iSHELL_jitter = 4.421 (+3.793, -2.528)
PFS_jitter = 4.018 (+3.932, -2.575)
Sector_5_timescale = 0.247 (+0.441, -0.152)
Sector_32_timescale = 0.027 (+0.009, -0.006)
m_pl_precision = 4.9468 %
r_pl_precision = 4.2611 %
P_precision = 0.0032 %
t0_precision = 0.3513 %
