K = 18.524432 (+1.044960, -0.961737)
P = 4.052032 (+0.000003, -0.000003)
Sector_32::lc_mean = 0.129532 (+0.181132, -0.159954)
Sector_32::log_rho_gp = 0.346613 (+0.702732, -0.700409)
Sector_32::log_sigma_gp = -0.454973 (+0.194314, -0.176435)
Sector_32::log_sigma_lc = -0.021621 (+0.019728, -0.019114)
Sector_32_gp_lc_pred = 0.032646 (+0.554205, -0.700599)
Sector_32_lc = 0.115290 (+0.187739, -0.186452)
Sector_32_lc_phase = 0.102074 (+0.196088, -0.222362)
Sector_5::lc_mean = 0.022586 (+0.032351, -0.028658)
Sector_5::log_rho_gp = -0.566434 (+10.982052, -7.005480)
Sector_5::log_sigma_gp = -4.732172 (+2.885796, -7.651501)
Sector_5::log_sigma_lc = -0.017571 (+0.018888, -0.018755)
Sector_5_gp_lc_pred = 0.000000 (+0.014543, -0.011865)
Sector_5_lc = 0.019789 (+0.033274, -0.035861)
Sector_5_lc_phase = 0.017779 (+0.034408, -0.047127)
__b_impact_parameter = 0.704093 (+0.029252, -0.036497)
__k_unit_disk = 0.125707 (+0.122097, -0.176547)
__u_star_q1 = 0.476843 (+0.283902, -0.194946)
__u_star_q2 = 0.319590 (+0.374514, -0.222959)
a = 0.041774 (+0.000464, -0.000471)
b = 0.756207 (+0.032577, -0.039935)
bkg = 0.163619 (+1.576539, -1.528249)
bkg_pred = 0.232603 (+1.573511, -1.513660)
density_pl = 1.493478 (+0.239575, -0.207285)
e = 0.059815 (+0.033529, -0.031215)
h = -0.166421 (+0.104655, -0.072118)
k = 0.124356 (+0.120192, -0.173822)
logP = 1.399218 ± 0.000001
log_ror = -2.606720 (+0.027249, -0.024040)
log_sigmas_rv = 0.948007 (+0.769869, -1.071544)
m_pl = 32.504336 (+1.955229, -1.866387)
mean = -0.097858 (+14.469540, -4.717306)
means = 0.659322 (+8.937985, -7.030874)
mstar = 0.592224 (+0.019961, -0.019825)
r_pl = 4.926750 (+0.217801, -0.215578)
ror = 0.073776 (+0.002038, -0.001752)
rstar = 0.611411 (+0.017029, -0.017153)
rv_model = 0.635301 (+14.777657, -16.611646)
rv_model_pred = 0.962269 (+14.732680, -16.899649)
sigma = 57.962232 (+453.991318, -32.013448)
t0 = 0.131499 (+0.000383, -0.000380)
teq = 728.795281 (+10.702499, -11.074092)
trend = 0.000019 (+0.210314, -0.018027)
u_star = 0.354056 (+0.372560, -0.349285)
vrad = 0.340405 (+15.030493, -16.875455)
vrad_pred = 0.729292 (+14.874300, -17.128174)
w = 2.125879 (+0.576605, -4.544493)
SPIROU_jitter = 2.739
CARMENES-VIS_jitter = 1.448
CARMENES-NIR_jitter = 4.389
ESPRESSO_jitter = 4.879
HIRES_jitter = 1.189
iSHELL_jitter = 3.486
PFS_jitter = 1.147
Sector_5_timescale = 0.128 (+1.403, -0.895)
Sector_32_timescale = 0.318 (+0.224, -0.223)
