K = 17.087708 (+0.750379, -0.730743)
P = 4.052428 (+0.000008, -0.000008)
Sector_32::lc_mean = 0.095359 (+0.162380, -0.166492)
Sector_32::rho_gp = 0.143827 (+0.009251, -0.008535)
Sector_32::sigma_gp = 1.693115 (+0.119085, -0.102970)
Sector_32::sigma_lc = 0.970452 (+0.016635, -0.016290)
Sector_5::lc_mean = 0.017336 (+0.039545, -0.040392)
Sector_5::rho_gp = 0.437766 (+0.266124, -0.158245)
Sector_5::sigma_gp = 0.171565 (+0.043527, -0.043745)
Sector_5::sigma_lc = 0.983311 (+0.017861, -0.017884)
__b_impact_parameter = 0.674129 (+0.035353, -0.045675)
__k_unit_disk = -0.004258 (+0.139215, -0.131244)
__u_star_q1 = 0.834214 (+0.116183, -0.164539)
__u_star_q2 = 0.719503 (+0.163042, -0.204775)
a = 0.041777 (+0.000440, -0.000465)
b = 0.723748 (+0.039895, -0.050775)
density_pl = 1.394201 (+0.319068, -0.234624)
e = 0.050354 (+0.020719, -0.018930)
h = -0.189036 (+0.062288, -0.042913)
k = -0.004192 (+0.136738, -0.128530)
m_pl = 29.997186 (+1.440326, -1.419888)
means_0 = 5.487123 (+2.895470, -2.659257)
means_1 = -2.819447 (+1.887940, -1.674287)
means_2 = -1.539628 (+3.328029, -3.344852)
means_3 = 18.832568 (+3.699105, -3.429822)
means_4 = 2.976191 (+2.012668, -1.876542)
means_5 = 8.062468 (+4.137077, -3.745063)
means_6 = -7.601799 (+2.400503, -2.551226)
mstar = 0.592279 (+0.018923, -0.019551)
r_pl = 4.905175 (+0.282683, -0.322311)
rho_gp_rv = 8.385545 (+4.438641, -2.740275)
ror = 0.073506 (+0.002942, -0.002769)
rstar = 0.610579 (+0.018319, -0.019550)
sigma_gp_rv = 5.535405 (+1.383129, -0.965947)
sigmas_0 = 7.120644 (+2.321556, -2.074464)
sigmas_1 = 1.799370 (+1.105281, -0.917982)
sigmas_2 = 7.483249 (+3.899114, -3.506069)
sigmas_3 = 0.519369 (+0.353104, -0.262442)
sigmas_4 = 0.811827 (+0.760146, -0.438033)
sigmas_5 = 4.739792 (+3.467318, -2.591741)
sigmas_6 = 1.881536 (+1.948635, -1.151341)
t0 = 0.130375 (+0.000497, -0.000438)
teq = 728.483142 (+11.419692, -12.471135)
u_star_0 = 1.286809 (+0.243334, -0.351014)
u_star_1 = -0.391447 (+0.366626, -0.265566)
w = -1.694409 (+4.536308, -1.170503)
SPIROU_jitter = 7.121 (+2.322, -2.074)
CARMENES-VIS_jitter = 1.799 (+1.105, -0.918)
CARMENES-NIR_jitter = 7.483 (+3.899, -3.506)
ESPRESSO_jitter = 0.519 (+0.353, -0.262)
HIRES_jitter = 0.812 (+0.760, -0.438)
iSHELL_jitter = 4.740 (+3.467, -2.592)
PFS_jitter = 1.882 (+1.949, -1.151)
Sector_5_timescale = 0.099 (+0.060, -0.036)
Sector_32_timescale = 0.032 (+0.002, -0.002)
m_pl_precision = 4.8015 %
r_pl_precision = 6.5708 %
P_precision = 0.0002 %
t0_precision = 0.3810 %
