log_t0 = -2.028314 (+0.002688, -0.002798)
log_P = 1.399219 ± 0.000001
log_K_0 = 2.846376 (+0.036410, -0.035550)
log_ror = -2.624073 (+0.023540, -0.020335)
lc_mean = 0.001366 (+0.017266, -0.017275)
logs = -2.140309 (+0.356317, -0.446073)
means_0 = -2.721617 (+1.377714, -1.574112)
means_1 = -1.385058 (+2.731778, -2.667143)
means_2 = 13.690567 (+2.569861, -3.296636)
means_3 = 2.318633 (+1.528964, -1.506065)
means_4 = 4.756837 (+2.926070, -3.110951)
means_5 = -7.394244 (+2.025929, -1.942819)
means_6 = 4.758667 (+2.361393, -2.474390)
means_7 = 11.790190 (+2.902208, -3.358129)
log_sigmas_0 = 0.760507 (+0.438774, -0.700788)
log_sigmas_1 = 1.903787 (+0.435851, -0.654064)
log_sigmas_2 = -0.493899 (+0.499254, -0.702278)
log_sigmas_3 = -0.202686 (+0.629008, -0.739861)
log_sigmas_4 = 1.676007 (+0.518921, -0.733407)
log_sigmas_5 = 0.726431 (+0.586176, -0.836636)
log_sigmas_6 = 1.969022 (+0.297119, -0.342708)
log_sigmas_7 = 2.438175 (+0.229387, -0.257494)
log_rho_gp = 2.206518 (+0.839934, -0.675329)
q1 = 0.517575 (+0.283270, -0.201427)
q2 = 0.324920 (+0.361111, -0.226039)
mstar = 0.541986 (+0.000977, -0.001019)
rstar = 0.536039 (+0.001008, -0.001008)
b = 0.715866 (+0.024678, -0.025769)
e = 0.028825 (+0.022971, -0.017811)
w = -2.025075 (+4.491525, -0.683393)
e_2 = 0.172809 (+0.206023, -0.119946)
w_2 = -0.667620 (+2.014979, -1.229735)
P_2 = 15.969405 (+0.197003, -0.191565)
tperi_2 = 603.491364 (+7.491327, -3.919343)
K_2 = 4.950600 (+1.227460, -1.533111)
sigma_gp = 4.224054 (+2.482905, -1.284718)
u_star_0 = 0.476073 (+0.351513, -0.318949)
u_star_1 = 0.254127 (+0.393065, -0.475111)
t0 = 0.131557 (+0.000354, -0.000368)
P = 4.052032 (+0.000003, -0.000003)
K_0 = 17.225252 (+0.638733, -0.601594)
ror = 0.072507 (+0.001727, -0.001460)
r_pl = 4.239661 (+0.101438, -0.086434)
m_pl_0 = 28.524552 (+1.061419, -0.993101)
density_pl_0 = 2.057234 (+0.147660, -0.156045)
a_0 = 0.040557 (+0.000024, -0.000025)
teq_0 = 722.842218 (+0.706005, -0.711263)
m_pl_2 = 12.961861 (+3.215422, -4.010002)
a_2 = 0.101193 (+0.000824, -0.000825)
teq_2 = 457.587123 (+1.955701, -1.852089)
CARMENES-VIS_jitter = 2.139 (+0.939, -1.499)
CARMENES-NIR_jitter = 6.711 (+2.925, -4.390)
ESPRESSO_jitter = 0.610 (+0.305, -0.429)
HIRES_jitter = 0.817 (+0.514, -0.604)
iSHELL_jitter = 5.344 (+2.773, -3.919)
PFS_jitter = 2.068 (+1.212, -1.730)
SPIROU-1_jitter = 7.164 (+2.128, -2.455)
SPIROU-2_jitter = 11.452 (+2.627, -2.949)
m_pl_0_precision = 3.7211 %
r_pl_precision = 2.3926 %
P_precision = 0.0001 %
t0_precision = 0.2794 %
