K = 18.657702 (+0.942535, -0.960540)
P = 4.052032 (+0.000003, -0.000003)
Sector_32::lc_mean = 0.128099 (+0.163636, -0.158397)
Sector_32::rho_gp = 1.112830 (+1.180723, -0.424734)
Sector_32::sigma_gp = 0.649342 (+0.117848, -0.101285)
Sector_32::sigma_lc = 0.976040 (+0.019631, -0.016777)
Sector_5::lc_mean = 0.026044 (+0.036644, -0.042615)
Sector_5::rho_gp = 0.469569 (+0.378846, -0.172829)
Sector_5::sigma_gp = 0.163031 (+0.043466, -0.042221)
Sector_5::sigma_lc = 0.974840 (+0.017883, -0.016569)
__b_impact_parameter = 0.703268 (+0.025873, -0.037115)
__k_unit_disk = 0.146886 (+0.111931, -0.169216)
__u_star_q1 = 0.470902 (+0.268620, -0.180946)
__u_star_q2 = 0.337211 (+0.348666, -0.224318)
a = 0.041785 (+0.000457, -0.000475)
b = 0.755000 (+0.028886, -0.040558)
density_pl = 1.509660 (+0.220855, -0.199834)
e = 0.054863 (+0.036198, -0.030775)
h = -0.146097 (+0.106354, -0.068613)
k = 0.145337 (+0.110440, -0.167434)
m_pl = 32.803773 (+1.744027, -1.850842)
means_0 = 3.976980 (+2.677978, -2.354752)
means_1 = -2.551282 (+1.579265, -1.820257)
means_2 = -1.365052 (+2.487936, -2.596386)
means_3 = 18.055659 (+1.491634, -1.503325)
means_4 = 0.708498 (+1.431181, -1.604859)
means_5 = 6.618855 (+3.366745, -3.405255)
means_6 = -9.942326 (+1.375008, -1.308881)
mstar = 0.592685 (+0.019682, -0.019989)
r_pl = 4.919076 (+0.221321, -0.201995)
ror = 0.073763 (+0.001954, -0.001758)
rstar = 0.610984 (+0.017484, -0.017548)
sigmas_0 = 8.835744 (+2.329247, -1.803226)
sigmas_1 = 5.717665 (+1.051643, -0.832300)
sigmas_2 = 6.572336 (+3.634982, -3.057059)
sigmas_3 = 5.687302 (+1.071913, -0.844143)
sigmas_4 = 4.143694 (+1.026600, -0.845789)
sigmas_5 = 5.788761 (+3.319372, -2.897391)
sigmas_6 = 1.944368 (+1.379506, -1.016664)
t0 = 0.131475 (+0.000394, -0.000382)
teq = 728.447992 (+10.779361, -11.240173)
trend_0 = -0.000031 (+0.000112, -0.000111)
trend_1 = -0.002704 (+0.009525, -0.009679)
u_star_0 = 0.459401 (+0.355385, -0.291342)
u_star_1 = 0.221914 (+0.379169, -0.430872)
w = 2.098789 (+0.560303, -3.895769)
SPIROU_jitter = 8.836 (+2.329, -1.803)
CARMENES-VIS_jitter = 5.718 (+1.052, -0.832)
CARMENES-NIR_jitter = 6.572 (+3.635, -3.057)
ESPRESSO_jitter = 5.687 (+1.072, -0.844)
HIRES_jitter = 4.144 (+1.027, -0.846)
iSHELL_jitter = 5.789 (+3.319, -2.897)
PFS_jitter = 1.944 (+1.380, -1.017)
Sector_5_timescale = 0.106 (+0.085, -0.039)
Sector_32_timescale = 0.250 (+0.266, -0.096)
m_pl_precision = 5.6422 %
r_pl_precision = 4.4992 %
P_precision = 0.0001 %
t0_precision = 0.2995 %
