K = 17.231345 (+0.461037, -0.458910)
K_2 = 1.685398 (+0.495948, -0.526696)
P = 4.052031 (+0.000003, -0.000003)
P_2 = 6.984845 (+0.113736, -0.048683)
Q0 = 385.657057 (+407.027651, -314.020050)
Sector_32::lc_mean = 0.028964 (+0.360455, -0.344404)
Sector_32::rho_gp = 0.711127 (+0.675208, -0.298835)
Sector_32::sigma_gp = 0.916448 (+0.379491, -0.233238)
Sector_32::sigma_lc = 0.947754 (+0.051533, -0.043443)
Sector_5::lc_mean = 0.037872 (+0.140030, -0.130685)
Sector_5::rho_gp = 0.988529 (+1.621958, -0.569932)
Sector_5::sigma_gp = 0.285517 (+0.154240, -0.105332)
Sector_5::sigma_lc = 0.908453 (+0.046615, -0.043391)
__b_impact_parameter = 0.719951 (+0.020165, -0.023891)
__k_unit_disk = 0.001559 (+0.102601, -0.109674)
__u_star_q1 = 0.422325 (+0.259225, -0.157703)
__u_star_q2 = 0.349902 (+0.395807, -0.242661)
a = 0.041775 (+0.000445, -0.000449)
a_2 = 0.060176 (+0.000764, -0.000768)
b = 0.774455 (+0.021743, -0.026666)
dQ = 488.453685 (+336.961940, -339.693232)
density_pl = 1.321333 (+0.197922, -0.155079)
e = 0.016037 (+0.015025, -0.011021)
f = 0.638013 (+0.264183, -0.344494)
gp_period = 31.989004 (+0.226204, -0.229912)
h = -0.069148 (+0.088109, -0.059357)
k = 0.001556 (+0.102423, -0.108917)
m_pl = 30.302703 (+0.991317, -1.001039)
m_pl_2 = 3.557042 (+1.036970, -1.113371)
means_0 = 7.310900 (+3.027366, -2.976485)
means_1 = -1.453429 (+1.283479, -1.320674)
means_2 = -0.242397 (+2.884829, -2.783765)
means_3 = 16.195650 (+1.364507, -1.447416)
means_4 = 2.913444 (+1.152576, -1.035405)
means_5 = 8.763642 (+3.992555, -3.796070)
means_6 = -6.445346 (+1.723842, -1.687307)
mstar = 0.592279 (+0.019117, -0.018883)
r_pl = 5.006822 (+0.206106, -0.208044)
ror = 0.074923 (+0.002020, -0.001567)
rstar = 0.611504 (+0.016545, -0.018054)
sigma_gp_rv = 7.735615 (+4.295988, -2.569404)
sigmas_0 = 9.543267 (+2.412747, -1.956661)
sigmas_1 = 2.826378 (+0.920182, -0.886738)
sigmas_2 = 6.416891 (+3.964635, -3.171444)
sigmas_3 = 0.841549 (+0.390714, -0.340256)
sigmas_4 = 0.865172 (+0.754330, -0.454401)
sigmas_5 = 5.234935 (+3.322488, -2.663191)
sigmas_6 = 2.747438 (+1.490240, -1.000626)
t0 = 0.131546 (+0.000363, -0.000385)
t0_2 = -34.375408 (+2.577433, -5.982401)
teq = 728.891243 (+10.352563, -11.339042)
teq_2 = 607.188145 (+8.947453, -9.467875)
trend_0 = -0.000058 (+0.000102, -0.000101)
trend_1 = -0.016112 (+0.008911, -0.008591)
u_star_0 = 0.456033 (+0.381908, -0.298557)
u_star_1 = 0.189036 (+0.399727, -0.459471)
w = 0.110725 (+2.341413, -2.706690)
SPIROU_jitter = 9.543 (+2.413, -1.957)
CARMENES-VIS_jitter = 2.826 (+0.920, -0.887)
CARMENES-NIR_jitter = 6.417 (+3.965, -3.171)
ESPRESSO_jitter = 0.842 (+0.391, -0.340)
HIRES_jitter = 0.865 (+0.754, -0.454)
iSHELL_jitter = 5.235 (+3.322, -2.663)
PFS_jitter = 2.747 (+1.490, -1.001)
Sector_5_timescale = 0.222 (+0.365, -0.128)
Sector_32_timescale = 0.160 (+0.152, -0.067)
m_pl_precision = 3.3035 %
r_pl_precision = 4.1552 %
P_precision = 0.0001 %
t0_precision = 0.2930 %
