K = 17.062413 (+0.615644, -0.555263)
K_2 = 7.088286 (+0.677433, -0.778651)
P = 4.052032 ± 0.000003
P_2 = 16.014427 (+0.025909, -0.035836)
Sector_32::lc_mean = 0.125103 (+0.165248, -0.170645)
Sector_32::rho_gp = 1.115750 (+1.233720, -0.429298)
Sector_32::sigma_gp = 0.648904 (+0.120443, -0.093626)
Sector_32::sigma_lc = 0.976022 (+0.019160, -0.017300)
Sector_5::lc_mean = 0.025406 (+0.038392, -0.041722)
Sector_5::rho_gp = 0.490786 (+0.422334, -0.195410)
Sector_5::sigma_gp = 0.160879 (+0.050305, -0.040589)
Sector_5::sigma_lc = 0.975321 (+0.016903, -0.017261)
__b_impact_parameter = 0.724383 (+0.022218, -0.024496)
__k_unit_disk = -0.051909 (+0.130519, -0.112487)
__u_star_q1 = 0.422222 (+0.253253, -0.166734)
__u_star_q2 = 0.341208 (+0.392634, -0.245494)
a = 0.041797 (+0.000453, -0.000457)
a_2 = 0.104469 (+0.001144, -0.001155)
b = 0.778516 (+0.024615, -0.026838)
density_pl = 1.347799 (+0.192391, -0.165673)
e = 0.030170 (+0.020674, -0.018316)
h = -0.124942 (+0.084326, -0.053502)
k = -0.051532 (+0.129698, -0.111367)
m_pl = 30.019060 (+1.266718, -1.236794)
m_pl_2 = 19.730914 (+1.958572, -2.274977)
means_0 = 4.050015 (+2.269292, -2.393081)
means_1 = -2.502120 (+0.788614, -0.731049)
means_2 = -1.801441 (+2.444256, -2.352119)
means_3 = 16.132095 (+0.783770, -0.698514)
means_4 = 1.414582 (+0.831687, -0.844171)
means_5 = 5.234919 (+2.489876, -2.599594)
means_6 = -6.964477 (+1.388935, -1.268671)
mstar = 0.593240 (+0.019504, -0.019235)
r_pl = 4.960705 (+0.214519, -0.203952)
ror = 0.074512 (+0.002062, -0.001504)
rstar = 0.609029 (+0.017391, -0.017177)
sigmas_0 = 9.358276 (+2.278797, -1.925546)
sigmas_1 = 3.641964 (+0.802734, -0.739493)
sigmas_2 = 6.355024 (+3.526606, -3.118170)
sigmas_3 = 1.834776 (+0.588822, -0.447885)
sigmas_4 = 2.679426 (+0.957971, -0.808731)
sigmas_5 = 6.235511 (+3.486341, -2.581535)
sigmas_6 = 2.367482 (+1.393706, -1.060237)
t0 = 0.131500 (+0.000395, -0.000381)
t0_2 = 94.599025 (+0.497573, -0.401776)
teq = 727.176501 (+10.851987, -10.888501)
teq_2 = 459.916959 (+6.902864, -6.883747)
u_star_0 = 0.437844 (+0.390925, -0.305222)
u_star_1 = 0.199752 (+0.392761, -0.448034)
w = -2.078899 (+4.620091, -0.662401)
SPIROU_jitter = 9.358 (+2.279, -1.926)
CARMENES-VIS_jitter = 3.642 (+0.803, -0.739)
CARMENES-NIR_jitter = 6.355 (+3.527, -3.118)
ESPRESSO_jitter = 1.835 (+0.589, -0.448)
HIRES_jitter = 2.679 (+0.958, -0.809)
iSHELL_jitter = 6.236 (+3.486, -2.582)
PFS_jitter = 2.367 (+1.394, -1.060)
Sector_5_timescale = 0.110 (+0.095, -0.044)
Sector_32_timescale = 0.251 (+0.278, -0.097)
m_pl_precision = 4.2197 %
r_pl_precision = 4.3244 %
P_precision = 0.0001 %
t0_precision = 0.3005 %
