K = 16.524050 (+0.690461, -0.790785)
K_2 = 3.765500 (+3.577012, -2.820530)
P = 4.052031 (+0.000003, -0.000003)
P_2 = 10.608706 (+7.510705, -1.554447)
Sector_32::lc_mean = -0.534619 (+0.507627, -0.619185)
Sector_32::rho_gp = 0.932190 (+0.570393, -0.374022)
Sector_32::sigma_gp = 1.380641 (+0.755827, -0.489191)
Sector_32::sigma_lc = 0.942151 (+0.051268, -0.046726)
Sector_5::lc_mean = 0.046151 (+0.172104, -0.160889)
Sector_5::rho_gp = 4.387262 (+16.949495, -3.527867)
Sector_5::sigma_gp = 0.375880 (+0.234074, -0.123135)
Sector_5::sigma_lc = 0.906649 (+0.046093, -0.045273)
__b_impact_parameter = 0.714086 (+0.030362, -0.036073)
__k_2_unit_disk = 0.650821 (+0.168284, -0.259057)
__k_unit_disk = 0.020623 (+0.122319, -0.146067)
__u_star_q1 = 0.468450 (+0.279190, -0.247296)
__u_star_q2 = 0.437827 (+0.185559, -0.155519)
a = 0.041816 (+0.000479, -0.000491)
a_2 = 0.080464 (+0.032828, -0.009036)
b = 0.767907 (+0.033215, -0.039623)
density_pl = 1.293592 (+0.189268, -0.170255)
e = 0.035440 (+0.026573, -0.023722)
e_2 = 0.863464 (+0.067183, -0.236065)
h = -0.126822 (+0.126935, -0.076892)
h_2 = -0.274891 (+1.071471, -0.651690)
k = 0.020246 (+0.121360, -0.143404)
k_2 = 0.331669 (+0.163803, -0.149335)
m_pl = 29.057156 (+1.465040, -1.526176)
m_pl_2 = 9.547172 (+7.525725, -6.880404)
means_0 = 0.627964 (+0.739119, -0.716444)
means_1 = -2.117132 (+2.033498, -1.929997)
means_2 = 0.048965 (+2.055458, -0.996481)
means_3 = 12.381768 (+2.887664, -1.711990)
means_4 = -2.366192 (+0.871398, -0.797662)
means_5 = 2.395380 (+0.778773, -0.637211)
means_6 = -5.412612 (+0.625141, -1.853108)
mstar = 0.594020 (+0.020676, -0.020692)
r_pl = 4.983277 (+0.204025, -0.208111)
rho_gp_rv = 13.145880 (+6.821278, -4.215041)
ror = 0.074974 (+0.001483, -0.001417)
rstar = 0.608397 (+0.018635, -0.017220)
sigma_gp_rv = 6.807220 (+1.773292, -1.249233)
sigmas_0 = 6.692929 (+2.143868, -1.825528)
sigmas_1 = 2.688464 (+1.126321, -0.947014)
sigmas_2 = 11.376007 (+3.844367, -3.020493)
sigmas_3 = 0.707574 (+0.318967, -0.237339)
sigmas_4 = 2.204014 (+1.110817, -0.832384)
sigmas_5 = 5.954433 (+5.798497, -3.376224)
sigmas_6 = 4.063964 (+1.852471, -1.419859)
t0 = 0.131493 (+0.000346, -0.000357)
t0_2 = 309.566183 (+5.273051, -0.562783)
teq = 726.846438 (+11.333077, -12.288260)
teq_2 = 519.028335 (+35.155135, -75.280987)
trend_0 = 0.000199 (+0.000173, -0.000172)
trend_1 = 0.021918 (+0.020322, -0.019285)
u_star_0 = 0.575975 (+0.240067, -0.223288)
u_star_1 = 0.077346 (+0.247438, -0.224406)
w = 1.137676 (+1.575917, -3.759324)
w_2 = 1.366978 (+1.548007, -0.935686)
SPIROU_jitter = 6.693 (+2.144, -1.826)
CARMENES-VIS_jitter = 2.688 (+1.126, -0.947)
CARMENES-NIR_jitter = 11.376 (+3.844, -3.020)
ESPRESSO_jitter = 0.708 (+0.319, -0.237)
HIRES_jitter = 2.204 (+1.111, -0.832)
iSHELL_jitter = 5.954 (+5.798, -3.376)
PFS_jitter = 4.064 (+1.852, -1.420)
Sector_5_timescale = 0.987 (+3.815, -0.794)
Sector_32_timescale = 0.210 (+0.128, -0.084)
m_pl_precision = 5.2523 %
r_pl_precision = 4.1762 %
P_precision = 0.0001 %
t0_precision = 0.2712 %
