K = 17.395179 (+0.504961, -0.550278)
P = 4.052650 (+0.000297, -0.000226)
Q0 = 5.243033 (+3.058615, -2.703212)
Sector_32::lc_mean = 0.099189 (+0.157395, -0.166221)
Sector_32::rho_gp = 0.869984 (+0.521608, -0.220482)
Sector_32::sigma_gp = 0.669597 (+0.123367, -0.094450)
Sector_32::sigma_lc = 0.977785 (+0.018076, -0.016609)
Sector_5::lc_mean = -0.026645 (+0.148598, -0.150468)
Sector_5::rho_gp = 0.127105 (+0.012361, -0.011034)
Sector_5::sigma_gp = 1.551738 (+0.117858, -0.105745)
Sector_5::sigma_lc = 0.969251 (+0.020108, -0.019426)
__b_impact_parameter = 0.703486 (+0.024160, -0.028973)
__k_unit_disk = -0.131321 (+0.115031, -0.082871)
__u_star_q1 = 0.740660 (+0.172715, -0.173946)
__u_star_q2 = 0.653555 (+0.217427, -0.268799)
a = 0.041833 (+0.000438, -0.000467)
b = 0.754938 (+0.026158, -0.032800)
dQ = 5.545896 (+2.923277, -3.586659)
density_pl = 1.491316 (+0.257115, -0.209502)
e = 0.037906 (+0.021698, -0.025551)
f = 0.788195 (+0.152654, -0.236884)
gp_period = 30.391395 (+1.908967, -2.238887)
h = 0.088874 (+0.089430, -0.111931)
k = -0.130793 (+0.114708, -0.082305)
m_pl = 30.613057 (+1.103188, -1.208966)
means_0 = 6.172830 (+2.567988, -2.604725)
means_1 = -2.482737 (+1.041134, -1.050096)
means_2 = -1.605116 (+2.924907, -2.709180)
means_3 = 15.345848 (+2.232440, -2.106473)
means_4 = 2.504177 (+1.043336, -1.029314)
means_5 = 7.771325 (+3.972611, -3.751069)
means_6 = -8.190791 (+1.706212, -1.706385)
mstar = 0.594545 (+0.018868, -0.019698)
r_pl = 4.828862 (+0.251600, -0.248037)
ror = 0.072732 (+0.002596, -0.002394)
rstar = 0.608180 (+0.016585, -0.016666)
sigma_gp_rv = 5.671106 (+1.423900, -1.009844)
sigmas_0 = 7.905134 (+2.389636, -2.009667)
sigmas_1 = 2.220316 (+0.816811, -0.866844)
sigmas_2 = 6.986440 (+3.491086, -3.457361)
sigmas_3 = 1.142596 (+0.489733, -0.394041)
sigmas_4 = 0.721913 (+0.637599, -0.377063)
sigmas_5 = 5.549907 (+3.525345, -2.815809)
sigmas_6 = 1.969351 (+1.457194, -1.039510)
t0 = 0.017299 (+0.041838, -0.054610)
teq = 726.339138 (+10.480144, -10.757242)
u_star_0 = 1.105984 (+0.290050, -0.431762)
u_star_1 = -0.258160 (+0.468785, -0.317864)
w = -0.971145 (+0.823134, -0.697380)
SPIROU_jitter = 7.905 (+2.390, -2.010)
CARMENES-VIS_jitter = 2.220 (+0.817, -0.867)
CARMENES-NIR_jitter = 6.986 (+3.491, -3.457)
ESPRESSO_jitter = 1.143 (+0.490, -0.394)
HIRES_jitter = 0.722 (+0.638, -0.377)
iSHELL_jitter = 5.550 (+3.525, -2.816)
PFS_jitter = 1.969 (+1.457, -1.040)
Sector_5_timescale = 0.029 (+0.003, -0.002)
Sector_32_timescale = 0.196 (+0.117, -0.050)
m_pl_precision = 3.9492 %
r_pl_precision = 5.2103 %
P_precision = 0.0073 %
t0_precision = 315.6740 %
