K = 18.542155 (+1.022352, -1.042645)
P = 4.052032 (+0.000003, -0.000003)
Sector_32::lc_mean = 0.130397 (+0.172060, -0.175123)
Sector_32::log_rho_gp = 0.266132 (+0.740832, -0.620800)
Sector_32::log_sigma_gp = -0.451784 (+0.200607, -0.172595)
Sector_32::log_sigma_lc = -0.020804 (+0.019932, -0.020369)
Sector_5::lc_mean = 0.025593 (+0.032758, -0.032319)
Sector_5::log_rho_gp = -0.426667 (+10.656062, -7.578282)
Sector_5::log_sigma_gp = -4.832312 (+3.158957, -7.353189)
Sector_5::log_sigma_lc = -0.018115 (+0.018765, -0.019083)
__b_impact_parameter = 0.702801 (+0.029436, -0.034853)
__k_unit_disk = 0.123580 (+0.126435, -0.164523)
__u_star_q1 = 0.480192 (+0.272257, -0.179887)
__u_star_q2 = 0.327489 (+0.373675, -0.225743)
a = 0.041781 (+0.000498, -0.000491)
b = 0.754990 (+0.032532, -0.038869)
density_pl = 1.496445 (+0.224466, -0.192015)
e = 0.059643 (+0.034563, -0.030539)
h = -0.166427 (+0.098101, -0.069291)
k = 0.121518 (+0.126007, -0.161520)
logP = 1.399218 (+0.000001, -0.000001)
log_ror = -2.606073 (+0.028428, -0.024515)
log_sigmas_rv_0 = 1.055139 (+0.682998, -0.848917)
log_sigmas_rv_1 = 0.489189 (+0.570640, -0.823516)
log_sigmas_rv_2 = 1.543265 (+0.585097, -0.761842)
log_sigmas_rv_3 = 1.576200 (+0.218303, -0.211842)
log_sigmas_rv_4 = 0.258269 (+0.710820, -0.926257)
log_sigmas_rv_5 = 1.272466 (+0.694155, -0.824265)
log_sigmas_rv_6 = 0.168971 (+0.717517, -0.829443)
m_pl = 32.563316 (+1.892866, -2.011316)
means_0 = 3.535640 (+2.841800, -3.051107)
means_1 = -3.643520 (+1.909024, -1.861907)
means_2 = -0.829617 (+3.906568, -3.969086)
means_3 = 17.845663 (+1.533605, -1.527183)
means_4 = 0.587931 (+1.491131, -1.539514)
means_5 = 4.582687 (+3.755392, -3.875767)
means_6 = -9.613540 (+2.015356, -1.977073)
mstar = 0.592519 (+0.021449, -0.020664)
r_pl = 4.923637 (+0.213530, -0.209236)
ror = 0.073824 (+0.002129, -0.001788)
rstar = 0.609967 (+0.017373, -0.015750)
t0 = 0.131483 (+0.000414, -0.000394)
teq = 727.872458 (+10.892015, -10.339848)
trend_0 = 0.000015 (+0.000124, -0.000130)
trend_1 = -0.001129 (+0.011426, -0.010892)
u_star_0 = 0.457797 (+0.368573, -0.303598)
u_star_1 = 0.235807 (+0.384010, -0.467592)
w = 2.142837 (+0.601590, -4.493695)
SPIROU_jitter = 2.872 (+1.962, -2.438)
CARMENES-VIS_jitter = 1.631 (+0.931, -1.343)
CARMENES-NIR_jitter = 4.680 (+2.738, -3.565)
ESPRESSO_jitter = 4.837 (+1.056, -1.025)
HIRES_jitter = 1.295 (+0.920, -1.199)
iSHELL_jitter = 3.570 (+2.478, -2.942)
PFS_jitter = 1.184 (+0.850, -0.982)
Sector_5_timescale = 0.147 (+1.565, -1.113)
Sector_32_timescale = 0.294 (+0.218, -0.182)
