K = 16.971264 (+0.714362, -0.748781)
K_2 = 2.437552 (+3.087197, -1.639314)
P = 4.052574 (+0.000011, -0.000008)
P_2 = 15.780611 (+0.296708, -12.800882)
Sector_32::lc_mean = 0.280427 (+0.592865, -0.447820)
Sector_32::rho_gp = 0.690042 (+0.458595, -0.263550)
Sector_32::sigma_gp = 1.067323 (+0.548992, -0.303802)
Sector_32::sigma_lc = 0.948864 (+0.050041, -0.048622)
Sector_5::lc_mean = -1.081263 (+0.624407, -0.554957)
Sector_5::rho_gp = 0.085287 (+0.015188, -0.010684)
Sector_5::sigma_gp = 2.589284 (+0.427966, -0.321411)
Sector_5::sigma_lc = 0.875362 (+0.059205, -0.055787)
__b_impact_parameter = 0.696690 (+0.026873, -0.030765)
__k_unit_disk = 0.062969 (+0.128673, -0.150725)
__u_star_q1 = 0.536872 (+0.191716, -0.192423)
__u_star_q2 = 0.239336 (+0.333871, -0.088353)
a = 0.041827 (+0.000497, -0.000469)
a_2 = 0.102695 (+0.002719, -0.068317)
b = 0.747985 (+0.029474, -0.034028)
density_pl = 1.475982 (+0.216157, -0.204476)
e = 0.020924 (+0.026146, -0.014451)
h = 0.013014 (+0.086997, -0.092719)
k = 0.062593 (+0.128563, -0.150235)
m_pl = 29.875996 (+1.478872, -1.366616)
m_pl_2 = 6.640644 (+8.704910, -5.117605)
means_0 = 2.167182 (+4.949135, -2.226037)
means_1 = -1.343528 (+1.057411, -1.914061)
means_2 = 0.426415 (+1.481309, -3.486074)
means_3 = 17.611786 (+1.880769, -1.830094)
means_4 = 2.929159 (+1.481276, -1.520875)
means_5 = 3.897196 (+4.677694, -1.144963)
means_6 = -2.966073 (+2.928934, -5.840515)
mstar = 0.594359 (+0.021435, -0.019770)
r_pl = 4.810033 (+0.225918, -0.201591)
rho_gp_rv = 8.296597 (+5.417564, -3.091108)
ror = 0.073179 (+0.002119, -0.001755)
rstar = 0.601370 (+0.018323, -0.016665)
sigma_gp_rv = 4.838514 (+1.934710, -1.693672)
sigmas_0 = 8.573587 (+2.822817, -2.236367)
sigmas_1 = 2.349384 (+1.078643, -1.130844)
sigmas_2 = 7.599883 (+3.416632, -2.958962)
sigmas_3 = 0.731583 (+0.375555, -0.345394)
sigmas_4 = 0.777695 (+0.545991, -0.348255)
sigmas_5 = 5.735454 (+3.602518, -2.691112)
sigmas_6 = 1.572184 (+2.531495, -1.142752)
t0 = 0.031355 (+0.001505, -0.001969)
t0_2 = 303.274505 (+2.756198, -1.092893)
teq = 722.435270 (+11.291800, -11.357416)
teq_2 = 465.710130 (+322.079860, -12.921530)
u_star_0 = 0.356159 (+0.403098, -0.139726)
u_star_1 = 0.372567 (+0.171587, -0.466297)
w = 1.039079 (+0.993493, -2.417925)
SPIROU_jitter = 8.574 (+2.823, -2.236)
CARMENES-VIS_jitter = 2.349 (+1.079, -1.131)
CARMENES-NIR_jitter = 7.600 (+3.417, -2.959)
ESPRESSO_jitter = 0.732 (+0.376, -0.345)
HIRES_jitter = 0.778 (+0.546, -0.348)
iSHELL_jitter = 5.735 (+3.603, -2.691)
PFS_jitter = 1.572 (+2.531, -1.143)
Sector_5_timescale = 0.019 (+0.003, -0.002)
Sector_32_timescale = 0.155 (+0.103, -0.059)
m_pl_precision = 4.9500 %
r_pl_precision = 4.6968 %
P_precision = 0.0003 %
t0_precision = 6.2795 %
