log_t0 = -2.028378 (+0.002803, -0.002656)
log_P = 1.399219 (+0.000001, -0.000001)
log_K_0 = 2.878583 (+0.034600, -0.032698)
log_ror = -2.628457 (+0.022243, -0.019480)
lc_mean = 0.001235 (+0.016618, -0.016178)
logs = -2.129163 (+0.346172, -0.435484)
trend_0 = 0.000010 (+0.000003, -0.000003)
trend_1 = 0.005834 (+0.002828, -0.002870)
trend_2 = -0.009626 (+0.936406, -0.939491)
means_0 = -6.163743 (+2.090239, -2.101305)
means_1 = -3.721901 (+2.742433, -2.790208)
means_2 = 13.894989 (+1.881852, -1.815296)
means_3 = -0.208574 (+1.906915, -1.923685)
means_4 = 3.595698 (+2.730058, -2.736198)
means_5 = -9.933381 (+2.219576, -2.211267)
means_6 = 2.549584 (+2.768271, -2.714087)
means_7 = -0.397169 (+4.844928, -4.857086)
log_sigmas_0 = 1.291844 (+0.221360, -0.227785)
log_sigmas_1 = 1.884279 (+0.428909, -0.601962)
log_sigmas_2 = -0.147898 (+0.370545, -0.497722)
log_sigmas_3 = 0.807867 (+0.325003, -0.379122)
log_sigmas_4 = 1.664972 (+0.474905, -0.638856)
log_sigmas_5 = 0.626995 (+0.540754, -0.668144)
log_sigmas_6 = 2.159673 (+0.240079, -0.231985)
log_sigmas_7 = 2.514152 (+0.170129, -0.162013)
q1 = 0.542026 (+0.271936, -0.208639)
q2 = 0.321956 (+0.341039, -0.212444)
mstar = 0.541995 (+0.001014, -0.000977)
rstar = 0.536054 (+0.001003, -0.001012)
b = 0.705904 (+0.022110, -0.025680)
e = 0.029109 (+0.015362, -0.015204)
w = 1.656732 (+1.139006, -4.465197)
e_2 = 0.332065 (+0.079479, -0.076395)
w_2 = -1.074964 (+0.293684, -0.268912)
P_2 = 16.072877 (+0.021741, -0.016330)
K_2 = 6.881175 (+0.442636, -0.417703)
phase_2 = 0.098985 (+0.081212, -0.061435)
u_star_0 = 0.479998 (+0.339080, -0.305333)
u_star_1 = 0.264132 (+0.378582, -0.463324)
t0 = 0.131549 (+0.000369, -0.000349)
P = 4.052032 (+0.000003, -0.000003)
K_0 = 17.789055 (+0.626266, -0.572259)
ror = 0.072190 (+0.001624, -0.001393)
r_pl = 4.220421 (+0.095980, -0.081952)
m_pl_0 = 29.471682 (+1.023767, -0.954838)
density_pl_0 = 2.153860 (+0.144874, -0.152421)
a_0 = 0.040558 (+0.000025, -0.000024)
teq_0 = 722.841992 (+0.722498, -0.699084)
tperi_2 = 1163.912896 (+1.307848, -0.988281)
m_pl_2 = 18.054266 (+1.163144, -1.090142)
a_2 = 0.101632 (+0.000137, -0.000097)
teq_2 = 456.594564 (+0.503280, -0.545177)
CARMENES-VIS_jitter = 3.639 (+0.806, -0.829)
CARMENES-NIR_jitter = 6.582 (+2.823, -3.962)
ESPRESSO_jitter = 0.863 (+0.320, -0.429)
HIRES_jitter = 2.243 (+0.729, -0.850)
iSHELL_jitter = 5.286 (+2.510, -3.377)
PFS_jitter = 1.872 (+1.012, -1.251)
SPIROU-1_jitter = 8.668 (+2.081, -2.011)
SPIROU-2_jitter = 12.356 (+2.102, -2.002)
m_pl_0_precision = 3.4737 %
r_pl_precision = 2.2742 %
P_precision = 0.0001 %
t0_precision = 0.2807 %
