K = 17.050216 (+0.604853, -0.615184)
K_2 = 5.511700 (+1.084698, -1.096188)
P = 4.051588 (+0.000063, -0.000129)
P_2 = 15.951174 (+0.106962, -0.129083)
Sector_32::lc_mean = -0.783193 (+1.092289, -0.815355)
Sector_32::rho_gp = 0.120115 (+0.035824, -0.025271)
Sector_32::sigma_gp = 3.199336 (+1.084334, -0.798323)
Sector_32::sigma_lc = 0.956726 (+0.060331, -0.051985)
Sector_5::lc_mean = 0.049208 (+0.135243, -0.153033)
Sector_5::rho_gp = 1.100564 (+1.704009, -0.659812)
Sector_5::sigma_gp = 0.282528 (+0.168295, -0.101395)
Sector_5::sigma_lc = 0.893152 (+0.046526, -0.042041)
__b_impact_parameter = 0.724825 (+0.021684, -0.022315)
__k_unit_disk = -0.034271 (+0.121707, -0.113391)
__u_star_q1 = 0.342950 (+0.281133, -0.177321)
__u_star_q2 = 0.346515 (+0.409592, -0.254225)
a = 0.041811 (+0.000433, -0.000459)
a_2 = 0.104222 (+0.001235, -0.001336)
b = 0.779458 (+0.023560, -0.024677)
density_pl = 1.329076 (+0.184260, -0.169131)
e = 0.016151 (+0.018636, -0.011248)
h = -0.031164 (+0.090677, -0.076816)
k = -0.034154 (+0.121568, -0.113154)
m_pl = 30.006423 (+1.294533, -1.262549)
m_pl_2 = 15.325794 (+2.977334, -3.045677)
means_0 = 6.600254 (+3.173381, -3.375847)
means_1 = -2.372864 (+2.072077, -2.400700)
means_2 = -1.251800 (+3.609852, -3.509431)
means_3 = 17.985453 (+2.544100, -2.768679)
means_4 = 3.106324 (+1.835461, -1.965062)
means_5 = 8.138544 (+5.184945, -5.217309)
means_6 = -7.536718 (+2.271180, -2.287561)
mstar = 0.593945 (+0.018678, -0.019290)
r_pl = 4.990498 (+0.208763, -0.200199)
rho_gp_rv = 7.074836 (+5.406022, -2.951508)
ror = 0.074991 (+0.001994, -0.001596)
rstar = 0.608620 (+0.017633, -0.016661)
sigma_gp_rv = 3.314179 (+1.153389, -0.863258)
sigmas_0 = 8.306947 (+2.659830, -2.140664)
sigmas_1 = 1.957278 (+1.061340, -0.994991)
sigmas_2 = 6.957329 (+3.847900, -3.300886)
sigmas_3 = 0.586670 (+0.381122, -0.296314)
sigmas_4 = 0.737904 (+0.672361, -0.377439)
sigmas_5 = 5.782217 (+3.612843, -2.935187)
sigmas_6 = 1.613745 (+1.484259, -0.926331)
t0 = 0.132819 (+0.000443, -0.000431)
t0_2 = 302.998667 (+0.435707, -0.447270)
teq = 726.995422 (+10.715629, -11.058508)
teq_2 = 460.420154 (+7.146916, -7.090854)
trend_0 = -0.000010 (+0.000196, -0.000154)
trend_1 = -0.013190 (+0.017253, -0.013548)
u_star_0 = 0.390499 (+0.374130, -0.276753)
u_star_1 = 0.159283 (+0.380064, -0.390179)
w = -1.139933 (+3.132109, -1.226433)
SPIROU_jitter = 8.307 (+2.660, -2.141)
CARMENES-VIS_jitter = 1.957 (+1.061, -0.995)
CARMENES-NIR_jitter = 6.957 (+3.848, -3.301)
ESPRESSO_jitter = 0.587 (+0.381, -0.296)
HIRES_jitter = 0.738 (+0.672, -0.377)
iSHELL_jitter = 5.782 (+3.613, -2.935)
PFS_jitter = 1.614 (+1.484, -0.926)
Sector_5_timescale = 0.248 (+0.384, -0.149)
Sector_32_timescale = 0.027 (+0.008, -0.006)
m_pl_precision = 4.3142 %
r_pl_precision = 4.1832 %
P_precision = 0.0032 %
t0_precision = 0.3334 %
