K = 18.411847 (+0.649088, -0.676137)
P = 4.049118 (+0.000013, -0.000018)
Q0 = 7.814658 (+9.738409, -3.461775)
Sector_32::lc_mean = -0.148199 (+0.129429, -0.131765)
Sector_32::rho_gp = 0.137823 (+0.011222, -0.010074)
Sector_32::sigma_gp = 1.284704 (+0.091315, -0.079253)
Sector_32::sigma_lc = 0.977404 (+0.019385, -0.019429)
Sector_5::lc_mean = 0.021448 (+0.035148, -0.035747)
Sector_5::rho_gp = 0.060124 (+0.013931, -0.012051)
Sector_5::sigma_gp = 0.365806 (+0.043477, -0.039999)
Sector_5::sigma_lc = 0.975005 (+0.020327, -0.021041)
__b_impact_parameter = 0.717768 (+0.030612, -0.043724)
__k_unit_disk = -0.249157 (+0.062581, -0.053583)
__u_star_q1 = 0.780004 (+0.153523, -0.206178)
__u_star_q2 = 0.671131 (+0.224788, -0.321806)
a = 0.041744 (+0.000469, -0.000459)
b = 0.772620 (+0.033586, -0.048038)
dQ = 543.783832 (+304.021728, -334.349523)
density_pl = 1.364155 (+0.272276, -0.229060)
e = 0.126122 (+0.017641, -0.016285)
f = 0.704433 (+0.211936, -0.308795)
gp_period = 28.402318 (+2.788855, -1.553873)
h = 0.256682 (+0.034651, -0.031812)
k = -0.240732 (+0.061731, -0.053834)
m_pl = 32.073475 (+1.288223, -1.353630)
means_0 = 5.745174 (+2.599099, -2.540287)
means_1 = -2.284135 (+1.036600, -1.108108)
means_2 = -1.586400 (+2.812291, -2.798979)
means_3 = 16.044274 (+1.975640, -1.815139)
means_4 = 2.752509 (+0.986829, -0.941916)
means_5 = 6.768856 (+3.925820, -3.643009)
means_6 = -8.453658 (+1.560988, -1.605797)
mstar = 0.591799 (+0.020172, -0.019303)
r_pl = 5.049893 (+0.316441, -0.287581)
ror = 0.075659 (+0.003545, -0.002896)
rstar = 0.611719 (+0.016254, -0.018336)
sigma_gp_rv = 7.853472 (+3.213945, -1.964675)
sigmas_0 = 7.713797 (+2.414987, -1.972994)
sigmas_1 = 3.607712 (+0.928394, -0.876045)
sigmas_2 = 7.063502 (+3.499219, -3.261632)
sigmas_3 = 1.397394 (+0.463425, -0.382694)
sigmas_4 = 0.797453 (+0.688998, -0.423699)
sigmas_5 = 6.991556 (+3.663618, -3.139639)
sigmas_6 = 1.944142 (+1.454071, -0.993345)
t0 = 0.139844 (+0.000622, -0.000624)
teq = 728.967594 (+11.361484, -12.038205)
u_star_0 = 1.140270 (+0.380578, -0.538641)
u_star_1 = -0.290791 (+0.554924, -0.370627)
w = -0.753969 (+0.200496, -0.155892)
SPIROU_jitter = 7.714 (+2.415, -1.973)
CARMENES-VIS_jitter = 3.608 (+0.928, -0.876)
CARMENES-NIR_jitter = 7.064 (+3.499, -3.262)
ESPRESSO_jitter = 1.397 (+0.463, -0.383)
HIRES_jitter = 0.797 (+0.689, -0.424)
iSHELL_jitter = 6.992 (+3.664, -3.140)
PFS_jitter = 1.944 (+1.454, -0.993)
Sector_5_timescale = 0.014 (+0.003, -0.003)
Sector_32_timescale = 0.031 (+0.003, -0.002)
m_pl_precision = 4.2204 %
r_pl_precision = 6.2663 %
P_precision = 0.0004 %
t0_precision = 0.4463 %
