K = 17.096348 (+0.575587, -0.608594)
K_2 = 5.521117 (+0.975771, -1.045064)
P = 4.052032 (+0.000003, -0.000003)
P_2 = 15.999425 (+0.032829, -0.032099)
Sector_32::lc_mean = 0.124932 (+0.186712, -0.160555)
Sector_32::rho_gp = 1.078906 (+1.284745, -0.391254)
Sector_32::sigma_gp = 0.652776 (+0.124446, -0.097060)
Sector_32::sigma_lc = 0.976836 (+0.018419, -0.018387)
Sector_5::lc_mean = 0.024899 (+0.040085, -0.038325)
Sector_5::rho_gp = 0.472778 (+0.297457, -0.174353)
Sector_5::sigma_gp = 0.162510 (+0.045041, -0.041656)
Sector_5::sigma_lc = 0.974680 (+0.016554, -0.017686)
__b_impact_parameter = 0.720970 (+0.020134, -0.023968)
__k_2_unit_disk = -0.261494 (+0.371026, -0.225372)
__k_unit_disk = -0.001263 (+0.111743, -0.126590)
__u_star_q1 = 0.421982 (+0.251067, -0.161151)
__u_star_q2 = 0.359243 (+0.379248, -0.245614)
a = 0.041794 (+0.000441, -0.000476)
a_2 = 0.104393 (+0.001123, -0.001187)
b = 0.774710 (+0.022536, -0.026131)
density_pl = 1.350824 (+0.185724, -0.157305)
e = 0.028883 (+0.018142, -0.016376)
e_2 = 0.156997 (+0.144274, -0.109743)
h = -0.126225 (+0.080850, -0.054193)
h_2 = 0.074517 (+0.225274, -0.262850)
k = -0.001247 (+0.110910, -0.125285)
k_2 = -0.251301 (+0.357155, -0.222929)
m_pl = 30.021934 (+1.307807, -1.263947)
m_pl_2 = 15.334668 (+2.748708, -2.903169)
means_0 = 6.313297 (+2.696221, -2.710127)
means_1 = -2.411401 (+1.367836, -1.195175)
means_2 = -1.507513 (+3.111471, -2.710752)
means_3 = 17.381957 (+2.467231, -2.361703)
means_4 = 2.585407 (+1.413690, -1.220550)
means_5 = 6.939432 (+3.436489, -3.271744)
means_6 = -7.720781 (+1.927048, -1.727348)
mstar = 0.593107 (+0.018995, -0.020031)
r_pl = 4.963214 (+0.195102, -0.198618)
rho_gp_rv = 8.449623 (+6.859436, -3.655302)
ror = 0.074490 (+0.002012, -0.001459)
rstar = 0.609278 (+0.016478, -0.016501)
sigma_gp_rv = 3.234293 (+1.000860, -0.726069)
sigmas_0 = 8.247695 (+2.459919, -1.953036)
sigmas_1 = 2.054097 (+1.047670, -0.969463)
sigmas_2 = 7.198691 (+3.517781, -3.414359)
sigmas_3 = 0.611431 (+0.392470, -0.310071)
sigmas_4 = 0.771988 (+0.644345, -0.407790)
sigmas_5 = 5.724280 (+3.586792, -2.781166)
sigmas_6 = 1.923963 (+1.445981, -1.048892)
t0 = 0.131513 (+0.000377, -0.000416)
t0_2 = 94.797462 (+0.933133, -0.982040)
teq = 727.406793 (+10.027202, -10.422122)
teq_2 = 460.206944 (+6.414022, -6.612839)
u_star_0 = 0.458909 (+0.395656, -0.300959)
u_star_1 = 0.179830 (+0.390766, -0.448084)
w = -0.202032 (+2.913786, -2.514607)
w_2 = -1.068447 (+1.793806, -0.902061)
SPIROU_jitter = 8.248 (+2.460, -1.953)
CARMENES-VIS_jitter = 2.054 (+1.048, -0.969)
CARMENES-NIR_jitter = 7.199 (+3.518, -3.414)
ESPRESSO_jitter = 0.611 (+0.392, -0.310)
HIRES_jitter = 0.772 (+0.644, -0.408)
iSHELL_jitter = 5.724 (+3.587, -2.781)
PFS_jitter = 1.924 (+1.446, -1.049)
Sector_5_timescale = 0.106 (+0.067, -0.039)
Sector_32_timescale = 0.243 (+0.289, -0.088)
m_pl_precision = 4.3562 %
r_pl_precision = 4.0018 %
P_precision = 0.0001 %
t0_precision = 0.3166 %
