K = 16.803749 (+0.726708, -0.735801)
K_2 = 5.231792 (+1.095451, -1.178983)
P = 4.052031 (+0.000003, -0.000003)
P_2 = 12.459048 (+3.575898, -2.528183)
Sector_32::lc_mean = 0.257123 (+0.654239, -0.420541)
Sector_32::rho_gp = 0.976199 (+1.198652, -0.492448)
Sector_32::sigma_gp = 1.136471 (+0.718380, -0.371814)
Sector_32::sigma_lc = 0.950820 (+0.051334, -0.048574)
Sector_5::lc_mean = 0.002715 (+0.165273, -0.196950)
Sector_5::rho_gp = 1.208501 (+1.194400, -0.641271)
Sector_5::sigma_gp = 0.377586 (+0.270937, -0.151968)
Sector_5::sigma_lc = 0.907524 (+0.045202, -0.044131)
__b_impact_parameter = 0.707621 (+0.024471, -0.027561)
__k_2_unit_disk = -0.755901 (+0.693927, -0.194809)
__k_unit_disk = 0.003743 (+0.123358, -0.114284)
__u_star_q1 = 0.540310 (+0.221219, -0.203951)
__u_star_q2 = 0.302272 (+0.312170, -0.196186)
a = 0.041849 (+0.000470, -0.000462)
a_2 = 0.088721 (+0.016125, -0.012641)
b = 0.760492 (+0.026645, -0.030353)
density_pl = 1.367749 (+0.203510, -0.165080)
e = 0.035835 (+0.017951, -0.017532)
e_2 = 0.645209 (+0.264009, -0.553517)
h = -0.149642 (+0.064794, -0.052650)
h_2 = 0.068943 (+0.177867, -0.233728)
k = 0.003695 (+0.122627, -0.112365)
k_2 = -0.706355 (+0.647229, -0.235581)
m_pl = 29.633872 (+1.426290, -1.437722)
m_pl_2 = 13.569647 (+3.090455, -3.303067)
means_0 = 1.328383 (+6.100862, -1.899013)
means_1 = -2.743831 (+1.407659, -1.341738)
means_2 = -3.119510 (+2.641595, -1.457545)
means_3 = 15.004513 (+3.723553, -1.667802)
means_4 = 1.037432 (+2.217672, -1.752359)
means_5 = 4.846912 (+3.552785, -1.340630)
means_6 = -6.420183 (+1.322410, -2.166026)
mstar = 0.595442 (+0.020289, -0.019527)
r_pl = 4.918041 (+0.207181, -0.229811)
rho_gp_rv = 13.991887 (+14.534267, -7.713914)
ror = 0.074463 (+0.001679, -0.001645)
rstar = 0.605079 (+0.017009, -0.019165)
sigma_gp_rv = 5.249283 (+4.227120, -2.300325)
sigmas_0 = 7.653426 (+2.483080, -2.162654)
sigmas_1 = 2.946810 (+1.493239, -1.433616)
sigmas_2 = 4.832882 (+4.241536, -2.881140)
sigmas_3 = 0.764247 (+0.365312, -0.345885)
sigmas_4 = 0.521950 (+0.570829, -0.274185)
sigmas_5 = 2.866182 (+4.468921, -1.822768)
sigmas_6 = 3.205441 (+2.031517, -1.804161)
t0 = 0.131489 (+0.000350, -0.000356)
t0_2 = 303.470483 (+2.074768, -1.013121)
teq = 724.198959 (+10.983001, -11.366752)
teq_2 = 494.885444 (+39.813131, -36.893263)
u_star_0 = 0.445894 (+0.337059, -0.279298)
u_star_1 = 0.293412 (+0.333344, -0.429188)
w = 1.478593 (+1.342660, -4.271423)
w_2 = -1.443549 (+1.056932, -0.391275)
SPIROU_jitter = 7.653 (+2.483, -2.163)
CARMENES-VIS_jitter = 2.947 (+1.493, -1.434)
CARMENES-NIR_jitter = 4.833 (+4.242, -2.881)
ESPRESSO_jitter = 0.764 (+0.365, -0.346)
HIRES_jitter = 0.522 (+0.571, -0.274)
iSHELL_jitter = 2.866 (+4.469, -1.823)
PFS_jitter = 3.205 (+2.032, -1.804)
Sector_5_timescale = 0.272 (+0.269, -0.144)
Sector_32_timescale = 0.220 (+0.270, -0.111)
m_pl_precision = 4.8516 %
r_pl_precision = 4.6728 %
P_precision = 0.0001 %
t0_precision = 0.2708 %
