K = 16.994954 (+0.631230, -0.588201)
K_2 = 5.706169 (+0.944716, -1.014590)
P = 4.052427 (+0.000008, -0.000008)
P_2 = 15.996980 (+0.034068, -0.032436)
Sector_32::lc_mean = 0.097869 (+0.155362, -0.167515)
Sector_32::rho_gp = 0.143754 (+0.010135, -0.008316)
Sector_32::sigma_gp = 1.695375 (+0.122350, -0.101306)
Sector_32::sigma_lc = 0.969813 (+0.018955, -0.017935)
Sector_5::lc_mean = 0.015191 (+0.040664, -0.039346)
Sector_5::rho_gp = 0.440268 (+0.251637, -0.166505)
Sector_5::sigma_gp = 0.169939 (+0.045189, -0.040249)
Sector_5::sigma_lc = 0.982906 (+0.018246, -0.017761)
__b_impact_parameter = 0.677435 (+0.033832, -0.039520)
__k_unit_disk = -0.018707 (+0.127319, -0.121697)
__u_star_q1 = 0.833844 (+0.114631, -0.170190)
__u_star_q2 = 0.720582 (+0.165945, -0.205526)
a = 0.041772 (+0.000475, -0.000453)
a_2 = 0.104340 (+0.001182, -0.001145)
b = 0.728004 (+0.037020, -0.044591)
density_pl = 1.378686 (+0.276052, -0.235059)
e = 0.047016 (+0.017878, -0.016877)
h = -0.184746 (+0.054367, -0.038839)
k = -0.018465 (+0.124851, -0.119929)
m_pl = 29.837227 (+1.367434, -1.271712)
m_pl_2 = 15.875991 (+2.667340, -2.805411)
means_0 = 6.244979 (+2.633569, -2.910941)
means_1 = -2.346562 (+1.241737, -1.281469)
means_2 = -1.346675 (+3.048478, -2.826552)
means_3 = 16.710215 (+2.179308, -2.111102)
means_4 = 2.327932 (+1.269245, -1.210236)
means_5 = 6.995237 (+3.404007, -3.178078)
means_6 = -7.844736 (+1.895744, -1.636155)
mstar = 0.592046 (+0.020431, -0.019042)
r_pl = 4.919739 (+0.301558, -0.286451)
rho_gp_rv = 7.137066 (+5.310789, -2.843479)
ror = 0.073740 (+0.002872, -0.002522)
rstar = 0.610731 (+0.019606, -0.018130)
sigma_gp_rv = 3.104089 (+0.871559, -0.623470)
sigmas_0 = 8.366923 (+2.320339, -1.874099)
sigmas_1 = 2.073663 (+1.046152, -0.995986)
sigmas_2 = 6.776480 (+3.762805, -3.244295)
sigmas_3 = 0.583248 (+0.384974, -0.286915)
sigmas_4 = 0.733460 (+0.581756, -0.388248)
sigmas_5 = 5.851277 (+3.344686, -2.889449)
sigmas_6 = 2.055583 (+1.493638, -1.167942)
t0 = 0.130394 (+0.000493, -0.000483)
t0_2 = 94.912027 (+0.538797, -0.558402)
teq = 728.987636 (+11.344770, -12.376222)
teq_2 = 461.218811 (+7.242967, -7.716042)
u_star_0 = 1.278973 (+0.262955, -0.347586)
u_star_1 = -0.399114 (+0.372460, -0.269187)
w = -2.238701 (+5.081925, -0.635392)
SPIROU_jitter = 8.367 (+2.320, -1.874)
CARMENES-VIS_jitter = 2.074 (+1.046, -0.996)
CARMENES-NIR_jitter = 6.776 (+3.763, -3.244)
ESPRESSO_jitter = 0.583 (+0.385, -0.287)
HIRES_jitter = 0.733 (+0.582, -0.388)
iSHELL_jitter = 5.851 (+3.345, -2.889)
PFS_jitter = 2.056 (+1.494, -1.168)
Sector_5_timescale = 0.099 (+0.057, -0.037)
Sector_32_timescale = 0.032 (+0.002, -0.002)
m_pl_precision = 4.5830 %
r_pl_precision = 6.1296 %
P_precision = 0.0002 %
t0_precision = 0.3783 %
