K = 17.292912 (+0.721392, -0.702698)
K_2 = 6.981820 (+0.562006, -0.524701)
P = 4.052031 (+0.000003, -0.000003)
P_2 = 9.861683 (+0.044177, -0.042700)
Sector_32::lc_mean = 0.029193 (+0.352648, -0.351898)
Sector_32::rho_gp = 0.722098 (+0.712413, -0.305357)
Sector_32::sigma_gp = 0.923554 (+0.375592, -0.243117)
Sector_32::sigma_lc = 0.949490 (+0.049178, -0.046529)
Sector_5::lc_mean = 0.034181 (+0.134312, -0.143463)
Sector_5::rho_gp = 0.987690 (+1.603102, -0.584003)
Sector_5::sigma_gp = 0.295697 (+0.163495, -0.110363)
Sector_5::sigma_lc = 0.907591 (+0.048468, -0.040901)
__b_impact_parameter = 0.712620 (+0.022873, -0.025917)
__k_2_unit_disk = -0.225709 (+0.158083, -0.150000)
__k_unit_disk = 0.068832 (+0.120116, -0.129365)
__u_star_q1 = 0.448048 (+0.258885, -0.175186)
__u_star_q2 = 0.351625 (+0.362512, -0.247570)
a = 0.041774 (+0.000441, -0.000463)
a_2 = 0.075590 (+0.000820, -0.000842)
b = 0.766045 (+0.025123, -0.028973)
density_pl = 1.342380 (+0.201334, -0.175815)
e = 0.046887 (+0.020971, -0.020362)
e_2 = 0.265141 (+0.154646, -0.147041)
h = -0.171059 (+0.095292, -0.059454)
h_2 = -0.450897 (+0.259430, -0.153319)
k = 0.066938 (+0.120685, -0.126135)
k_2 = -0.198678 (+0.140594, -0.144140)
m_pl = 30.357201 (+1.401150, -1.409400)
m_pl_2 = 16.532977 (+1.396888, -1.301012)
means_0 = 0.486863 (+2.479973, -2.501608)
means_1 = -5.084001 (+1.833658, -1.825194)
means_2 = -2.967332 (+2.759575, -2.574392)
means_3 = 17.181900 (+0.967373, -0.948945)
means_4 = -0.735427 (+1.578183, -1.493717)
means_5 = 4.477456 (+3.167475, -3.384479)
means_6 = -11.016815 (+2.823259, -2.531877)
mstar = 0.592237 (+0.018962, -0.019477)
r_pl = 4.991575 (+0.225704, -0.216305)
ror = 0.074631 (+0.001989, -0.001677)
rstar = 0.612511 (+0.016989, -0.017862)
sigmas_0 = 7.872228 (+2.113944, -1.667250)
sigmas_1 = 6.870808 (+1.095775, -0.950618)
sigmas_2 = 9.022827 (+3.761104, -3.118973)
sigmas_3 = 0.810588 (+0.451126, -0.359796)
sigmas_4 = 3.878444 (+1.057968, -0.800199)
sigmas_5 = 3.452090 (+2.694538, -1.835569)
sigmas_6 = 6.754291 (+2.935032, -1.908720)
t0 = 0.131486 (+0.000357, -0.000368)
t0_2 = 307.274820 (+0.566555, -0.661459)
teq = 729.651041 (+10.819486, -11.443988)
teq_2 = 542.530095 (+7.900487, -8.643821)
trend_0 = 0.000136 (+0.000114, -0.000115)
trend_1 = 0.010851 (+0.010746, -0.011241)
u_star_0 = 0.466851 (+0.353843, -0.313990)
u_star_1 = 0.190925 (+0.415566, -0.426507)
w = 2.105491 (+0.734130, -4.896906)
w_2 = -2.655293 (+0.823960, -0.283139)
SPIROU_jitter = 7.872 (+2.114, -1.667)
CARMENES-VIS_jitter = 6.871 (+1.096, -0.951)
CARMENES-NIR_jitter = 9.023 (+3.761, -3.119)
ESPRESSO_jitter = 0.811 (+0.451, -0.360)
HIRES_jitter = 3.878 (+1.058, -0.800)
iSHELL_jitter = 3.452 (+2.695, -1.836)
PFS_jitter = 6.754 (+2.935, -1.909)
Sector_5_timescale = 0.222 (+0.361, -0.131)
Sector_32_timescale = 0.163 (+0.160, -0.069)
m_pl_precision = 4.6427 %
r_pl_precision = 4.5217 %
P_precision = 0.0001 %
t0_precision = 0.2801 %
