K = 17.121800 (+0.640389, -0.636287)
K_2 = 5.570545 (+0.984802, -1.107120)
P = 4.050987 (+0.000006, -0.000006)
P_2 = 15.996027 (+0.033960, -0.032128)
Sector_32::lc_mean = 0.093491 (+0.172048, -0.163009)
Sector_32::rho_gp = 0.139576 (+0.008979, -0.008853)
Sector_32::sigma_gp = 1.694135 (+0.118398, -0.102919)
Sector_32::sigma_lc = 0.969588 (+0.018998, -0.017087)
Sector_5::lc_mean = 0.017473 (+0.038425, -0.037576)
Sector_5::rho_gp = 0.379282 (+0.365336, -0.214203)
Sector_5::sigma_gp = 0.170316 (+0.046820, -0.044793)
Sector_5::sigma_lc = 0.978788 (+0.017671, -0.018312)
__b_impact_parameter = 0.705908 (+0.025994, -0.027822)
__k_unit_disk = -0.090526 (+0.140847, -0.109555)
__u_star_q1 = 0.636080 (+0.237740, -0.227954)
__u_star_q2 = 0.398258 (+0.319764, -0.262940)
a = 0.041760 (+0.000471, -0.000464)
a_2 = 0.104315 (+0.001212, -0.001153)
b = 0.757315 (+0.028419, -0.030874)
density_pl = 1.459526 (+0.238030, -0.203489)
e = 0.024967 (+0.024234, -0.017148)
h = 0.063370 (+0.072176, -0.082441)
k = -0.090140 (+0.140343, -0.109502)
m_pl = 30.069558 (+1.272061, -1.380720)
m_pl_2 = 15.451557 (+2.699145, -3.053282)
means_0 = 6.044354 (+3.346566, -3.382342)
means_1 = -2.716040 (+2.259901, -2.304576)
means_2 = -1.460749 (+3.372917, -3.638229)
means_3 = 18.106961 (+2.468808, -2.581878)
means_4 = 3.043852 (+1.912126, -1.855486)
means_5 = 7.971424 (+5.126849, -5.059618)
means_6 = -7.415629 (+2.093311, -2.212495)
mstar = 0.591942 (+0.020283, -0.019514)
r_pl = 4.837439 (+0.230510, -0.227832)
rho_gp_rv = 6.263705 (+4.444662, -2.713477)
ror = 0.072375 (+0.002272, -0.002053)
rstar = 0.612056 (+0.018295, -0.017746)
sigma_gp_rv = 3.245641 (+1.086864, -0.769978)
sigmas_0 = 8.389900 (+2.580772, -2.062152)
sigmas_1 = 1.971156 (+1.029533, -0.984235)
sigmas_2 = 7.260843 (+3.545064, -3.284495)
sigmas_3 = 0.597147 (+0.438395, -0.301862)
sigmas_4 = 0.772993 (+0.644698, -0.398797)
sigmas_5 = 5.898431 (+3.719876, -2.783710)
sigmas_6 = 1.454965 (+1.441154, -0.853445)
t0 = 0.134482 (+0.000394, -0.000417)
t0_2 = 95.084163 (+0.602931, -0.598738)
teq = 729.399229 (+11.150253, -11.953208)
teq_2 = 461.409780 (+7.176229, -7.546579)
trend_0 = 0.000008 (+0.000182, -0.000161)
trend_1 = -0.013011 (+0.014844, -0.012893)
u_star_0 = 0.628605 (+0.370693, -0.402733)
u_star_1 = 0.164644 (+0.442887, -0.459661)
w = -0.905283 (+1.537685, -0.655030)
SPIROU_jitter = 8.390 (+2.581, -2.062)
CARMENES-VIS_jitter = 1.971 (+1.030, -0.984)
CARMENES-NIR_jitter = 7.261 (+3.545, -3.284)
ESPRESSO_jitter = 0.597 (+0.438, -0.302)
HIRES_jitter = 0.773 (+0.645, -0.399)
iSHELL_jitter = 5.898 (+3.720, -2.784)
PFS_jitter = 1.455 (+1.441, -0.853)
Sector_5_timescale = 0.085 (+0.082, -0.048)
Sector_32_timescale = 0.031 (+0.002, -0.002)
m_pl_precision = 4.5918 %
r_pl_precision = 4.7651 %
P_precision = 0.0001 %
t0_precision = 0.3104 %
