K = 16.409360 (+0.863919, -0.927723)
P = 4.052032 (+0.000003, -0.000003)
Sector_32::lc_mean = 0.133179 (+0.184237, -0.163987)
Sector_32::log_rho_gp = 0.390574 (+0.635542, -0.724235)
Sector_32::log_sigma_gp = -0.462988 (+0.193056, -0.170400)
Sector_32::log_sigma_lc = -0.020934 (+0.020850, -0.020092)
Sector_5::lc_mean = 0.022301 (+0.028686, -0.030862)
Sector_5::log_rho_gp = -0.756136 (+9.798142, -7.306569)
Sector_5::log_sigma_gp = -4.903268 (+3.038721, -8.159421)
Sector_5::log_sigma_lc = -0.017932 (+0.018099, -0.019278)
__b_impact_parameter = 0.721299 (+0.023342, -0.023766)
__k_unit_disk = -0.022643 (+0.136975, -0.145591)
__u_star_q1 = 0.422099 (+0.255868, -0.162626)
__u_star_q2 = 0.350178 (+0.366971, -0.261427)
a = 0.041800 (+0.000464, -0.000464)
b = 0.775239 (+0.025787, -0.025849)
density_pl = 1.295751 (+0.193454, -0.169627)
e = 0.021981 (+0.026551, -0.015659)
h = -0.045391 (+0.097371, -0.089836)
k = -0.022527 (+0.136457, -0.144922)
logP = 1.399218 (+0.000001, -0.000001)
log_rho_gp_rv = 2.497190 (+0.404295, -0.358225)
log_ror = -2.596202 (+0.024679, -0.021633)
log_sigma_gp_rv = 2.136869 (+0.220866, -0.164875)
m_pl = 28.820290 (+1.717554, -1.685504)
means_0 = -0.524671 (+14.180547, -13.467051)
means_1 = -1.291633 (+12.052768, -12.382119)
means_2 = 0.101440 (+19.988782, -21.309722)
means_3 = 12.430179 (+15.284075, -15.569743)
means_4 = -4.005957 (+12.499228, -11.764122)
means_5 = 4.249605 (+12.663447, -12.724926)
means_6 = -5.252001 (+15.226593, -15.338586)
mstar = 0.593342 (+0.020004, -0.019552)
r_pl = 4.957969 (+0.202808, -0.191245)
ror = 0.074556 (+0.001863, -0.001596)
rstar = 0.609118 (+0.016960, -0.016392)
sigmas_0 = 7.912318 (+2.538826, -2.252162)
sigmas_1 = 3.380721 (+1.605009, -1.570378)
sigmas_2 = 5.655046 (+3.793460, -3.427164)
sigmas_3 = 0.655199 (+0.481117, -0.393805)
sigmas_4 = 0.998975 (+1.408500, -0.695497)
sigmas_5 = 5.046150 (+3.855769, -3.491794)
sigmas_6 = 8.454481 (+3.414858, -2.373703)
t0 = 0.131542 (+0.000411, -0.000373)
teq = 727.163712 (+10.210371, -10.080707)
trend_0 = 0.000180 (+0.000186, -0.000173)
trend_1 = 0.030190 (+0.023314, -0.021648)
u_star_0 = 0.447358 (+0.374176, -0.319503)
u_star_1 = 0.183583 (+0.414310, -0.422404)
w = -0.845956 (+3.092815, -1.534732)
Sector_5_timescale = 0.106 (+1.035, -0.772)
Sector_32_timescale = 0.333 (+0.211, -0.241)
