K = 17.826726 (+1.013457, -1.380490)
K_2 = 6.452111 (+0.921493, -1.893307)
P = 4.052031 (+0.000003, -0.000002)
P_2 = 26.095028 (+2.359774, -1.010356)
Sector_32::lc_mean = 0.286273 (+0.331590, -0.197757)
Sector_32::rho_gp = 2.407940 (+1.252150, -0.702022)
Sector_32::sigma_gp = 0.802842 (+0.101296, -0.248996)
Sector_32::sigma_lc = 0.977054 (+0.012516, -0.012488)
Sector_5::lc_mean = 0.034899 (+0.057037, -0.039861)
Sector_5::rho_gp = 0.434347 (+0.662764, -0.118813)
Sector_5::sigma_gp = 0.174101 (+0.031424, -0.039813)
Sector_5::sigma_lc = 0.985529 (+0.017987, -0.019114)
__b_impact_parameter = 0.707995 (+0.023522, -0.092041)
__k_unit_disk = -0.003904 (+0.340450, -0.113871)
__u_star_q1 = 0.439689 (+0.335562, -0.156504)
__u_star_q2 = 0.122463 (+0.490667, -0.091946)
a = 0.041543 (+0.000359, -0.000688)
a_2 = 0.145550 (+0.006312, -0.005136)
b = 0.759420 (+0.025331, -0.099559)
density_pl = 1.642421 (+0.130385, -0.190893)
e = 0.041897 (+0.075768, -0.027835)
h = -0.048327 (+0.164243, -0.052778)
k = -0.003890 (+0.339386, -0.113303)
m_pl = 30.241019 (+2.145360, -1.563360)
m_pl_2 = 20.835919 (+3.302918, -5.898250)
means_0 = 6.095516 (+2.703393, -2.377725)
means_1 = -2.762543 (+0.803805, -0.981820)
means_2 = -0.243148 (+1.370240, -3.908944)
means_3 = 12.380117 (+3.307001, -0.640327)
means_4 = 3.339637 (+1.024446, -3.116317)
means_5 = 8.109561 (+2.433112, -2.044272)
means_6 = -5.958986 (+1.264813, -1.799952)
mstar = 0.582469 (+0.015231, -0.028464)
r_pl = 4.681892 (+0.167990, -0.124865)
ror = 0.072283 (+0.001183, -0.001239)
rstar = 0.597813 (+0.008857, -0.016846)
sigmas_0 = 6.891207 (+2.359514, -2.117361)
sigmas_1 = 5.889294 (+1.368231, -1.172037)
sigmas_2 = 8.222629 (+3.094362, -2.241354)
sigmas_3 = 3.597279 (+0.688148, -0.238992)
sigmas_4 = 3.003195 (+1.797512, -0.901315)
sigmas_5 = 3.888689 (+1.587328, -0.825541)
sigmas_6 = 2.688722 (+0.924808, -0.609255)
t0 = 0.131615 (+0.000314, -0.001099)
t0_2 = 95.129927 (+1.458450, -2.831527)
teq = 722.000687 (+7.684147, -6.537400)
teq_2 = 385.232078 (+9.069411, -11.578730)
u_star_0 = 0.176607 (+0.685232, -0.142144)
u_star_1 = 0.429661 (+0.231107, -0.605069)
w = -0.065819 (+1.940511, -0.913818)
SPIROU_jitter = 6.891 (+2.360, -2.117)
CARMENES-VIS_jitter = 5.889 (+1.368, -1.172)
CARMENES-NIR_jitter = 8.223 (+3.094, -2.241)
ESPRESSO_jitter = 3.597 (+0.688, -0.239)
HIRES_jitter = 3.003 (+1.798, -0.901)
iSHELL_jitter = 3.889 (+1.587, -0.826)
PFS_jitter = 2.689 (+0.925, -0.609)
Sector_5_timescale = 0.098 (+0.149, -0.027)
Sector_32_timescale = 0.542 (+0.282, -0.158)
m_pl_precision = 7.0942 %
r_pl_precision = 3.5881 %
P_precision = 0.0001 %
t0_precision = 0.8349 %
