K = 17.229292 (+0.498147, -0.532321)
K_2 = 4.045706 (+2.140842, -1.733432)
P = 4.052032 (+0.000003, -0.000003)
P_2 = 14.672205 (+1.537008, -1.867893)
Q0 = 684.882454 (+296.214242, -483.598111)
Sector_32::lc_mean = 0.118854 (+0.182469, -0.176779)
Sector_32::rho_gp = 1.558699 (+1.253008, -0.809015)
Sector_32::sigma_gp = 0.640454 (+0.131586, -0.097059)
Sector_32::sigma_lc = 0.981075 (+0.018444, -0.018696)
Sector_5::lc_mean = 0.026018 (+0.039429, -0.036226)
Sector_5::rho_gp = 0.446809 (+0.311327, -0.166466)
Sector_5::sigma_gp = 0.163512 (+0.043216, -0.041465)
Sector_5::sigma_lc = 0.973666 (+0.017346, -0.017390)
__b_impact_parameter = 0.735960 (+0.020242, -0.021089)
__k_unit_disk = -0.167532 (+0.093632, -0.061561)
__u_star_q1 = 0.393220 (+0.232282, -0.158168)
__u_star_q2 = 0.302742 (+0.383077, -0.222148)
a = 0.041814 (+0.000460, -0.000468)
a_2 = 0.098161 (+0.007853, -0.008524)
b = 0.791244 (+0.022512, -0.023907)
dQ = 274.715241 (+458.494575, -247.687257)
density_pl = 1.358019 (+0.195213, -0.162360)
e = 0.050873 (+0.022943, -0.021993)
f = 0.674714 (+0.225242, -0.334068)
gp_period = 30.099940 (+2.023700, -4.515452)
h = -0.144084 (+0.042791, -0.037957)
k = -0.165614 (+0.092422, -0.061677)
m_pl = 30.316901 (+1.073521, -1.231804)
m_pl_2 = 10.991680 (+6.338016, -5.007878)
means_0 = 5.640806 (+2.619883, -2.565784)
means_1 = -2.378243 (+0.801727, -0.778617)
means_2 = -0.157427 (+2.551482, -2.563017)
means_3 = 14.856696 (+1.003023, -1.012725)
means_4 = 1.595981 (+0.705804, -0.681596)
means_5 = 6.056036 (+2.737687, -2.816810)
means_6 = -6.669748 (+3.102661, -2.059774)
mstar = 0.593962 (+0.019797, -0.019714)
r_pl = 4.965269 (+0.197332, -0.205924)
ror = 0.074740 (+0.001862, -0.001381)
rstar = 0.607732 (+0.016388, -0.018397)
sigma_gp_rv = 6.549307 (+4.383385, -2.743667)
sigmas_0 = 8.530607 (+2.464467, -1.834385)
sigmas_1 = 2.419691 (+0.852784, -0.795833)
sigmas_2 = 6.652039 (+3.632215, -3.323580)
sigmas_3 = 1.221537 (+0.380582, -0.357122)
sigmas_4 = 1.009333 (+0.923910, -0.568448)
sigmas_5 = 5.384507 (+3.302973, -2.638543)
sigmas_6 = 2.673449 (+1.995611, -1.247814)
t0 = 0.131504 (+0.000361, -0.000379)
t0_2 = -16.977599 (+12.932661, -15.186316)
teq = 726.032691 (+10.336669, -11.216159)
teq_2 = 476.326845 (+21.834240, -22.946274)
u_star_0 = 0.375748 (+0.371844, -0.266813)
u_star_1 = 0.238518 (+0.351180, -0.427049)
w = -2.242778 (+0.257221, -0.353943)
SPIROU_jitter = 8.531 (+2.464, -1.834)
CARMENES-VIS_jitter = 2.420 (+0.853, -0.796)
CARMENES-NIR_jitter = 6.652 (+3.632, -3.324)
ESPRESSO_jitter = 1.222 (+0.381, -0.357)
HIRES_jitter = 1.009 (+0.924, -0.568)
iSHELL_jitter = 5.385 (+3.303, -2.639)
PFS_jitter = 2.673 (+1.996, -1.248)
Sector_5_timescale = 0.101 (+0.070, -0.037)
Sector_32_timescale = 0.351 (+0.282, -0.182)
m_pl_precision = 4.0631 %
r_pl_precision = 4.1473 %
P_precision = 0.0001 %
t0_precision = 0.2880 %
