log_t0 = -2.028324 (+0.002818, -0.002845)
log_P = 1.399219 (+0.000001, -0.000001)
log_K_0 = 2.851877 (+0.037195, -0.039453)
log_ror = -2.623312 (+0.024482, -0.020307)
lc_mean = 0.001439 (+0.017222, -0.017583)
logs = -2.134009 (+0.359788, -0.437189)
means_0 = -3.185926 (+1.779611, -1.795586)
means_1 = -1.573151 (+2.783742, -2.794116)
means_2 = 11.596941 (+3.470975, -3.546417)
means_3 = 2.506125 (+1.825961, -1.894413)
means_4 = 4.986740 (+3.289780, -3.215790)
means_5 = -7.380239 (+2.246548, -2.165532)
means_6 = 4.241709 (+2.417365, -2.427780)
means_7 = 11.512413 (+2.987398, -3.310571)
log_sigmas_0 = 0.648782 (+0.521788, -0.734883)
log_sigmas_1 = 1.938764 (+0.431334, -0.627145)
log_sigmas_2 = -0.562592 (+0.494890, -0.722745)
log_sigmas_3 = -0.200599 (+0.670444, -0.749769)
log_sigmas_4 = 1.571477 (+0.556919, -0.758517)
log_sigmas_5 = 0.717723 (+0.666529, -0.976269)
log_sigmas_6 = 1.837753 (+0.334635, -0.459669)
log_sigmas_7 = 2.251598 (+0.254214, -0.297829)
log_rho_gp = 2.388373 (+0.492832, -0.490428)
q1 = 0.509425 (+0.290508, -0.201182)
q2 = 0.336251 (+0.358424, -0.231025)
mstar = 0.542005 (+0.000958, -0.000993)
rstar = 0.536041 (+0.000984, -0.000972)
b = 0.717845 (+0.024754, -0.026156)
e = 0.029624 (+0.025226, -0.019679)
w = -1.979854 (+4.263200, -0.682089)
sigma_gp = 6.666258 (+2.138317, -1.414673)
u_star_0 = 0.487741 (+0.350193, -0.318414)
u_star_1 = 0.231171 (+0.403753, -0.457096)
t0 = 0.131556 (+0.000371, -0.000374)
P = 4.052032 (+0.000003, -0.000003)
K_0 = 17.320263 (+0.656354, -0.670040)
ror = 0.072562 (+0.001798, -0.001459)
r_pl = 4.243138 (+0.105881, -0.086495)
m_pl_0 = 28.685760 (+1.086473, -1.119100)
density_pl_0 = 2.060501 (+0.151510, -0.163818)
a_0 = 0.040558 (+0.000024, -0.000025)
teq_0 = 722.844265 (+0.701160, -0.700141)
CARMENES-VIS_jitter = 1.913 (+0.998, -1.406)
CARMENES-NIR_jitter = 6.950 (+2.998, -4.359)
ESPRESSO_jitter = 0.570 (+0.282, -0.412)
HIRES_jitter = 0.818 (+0.549, -0.613)
iSHELL_jitter = 4.814 (+2.681, -3.651)
PFS_jitter = 2.050 (+1.366, -2.001)
SPIROU-1_jitter = 6.282 (+2.102, -2.888)
SPIROU-2_jitter = 9.503 (+2.416, -2.830)
m_pl_0_precision = 3.9012 %
r_pl_precision = 2.4953 %
P_precision = 0.0001 %
t0_precision = 0.2841 %
