K = 18.524432 (+1.044960, -0.961737)
P = 4.052032 (+0.000003, -0.000003)
Sector_32::lc_mean = 0.129532 (+0.181132, -0.159954)
Sector_32::log_rho_gp = 0.346613 (+0.702732, -0.700409)
Sector_32::log_sigma_gp = -0.454973 (+0.194314, -0.176435)
Sector_32::log_sigma_lc = -0.021621 (+0.019728, -0.019114)
Sector_5::lc_mean = 0.022586 (+0.032351, -0.028658)
Sector_5::log_rho_gp = -0.566434 (+10.982052, -7.005480)
Sector_5::log_sigma_gp = -4.732172 (+2.885796, -7.651501)
Sector_5::log_sigma_lc = -0.017571 (+0.018888, -0.018755)
__b_impact_parameter = 0.704093 (+0.029252, -0.036497)
__k_unit_disk = 0.125707 (+0.122097, -0.176547)
__u_star_q1 = 0.476843 (+0.283902, -0.194946)
__u_star_q2 = 0.319590 (+0.374514, -0.222959)
a = 0.041774 (+0.000464, -0.000471)
b = 0.756207 (+0.032577, -0.039935)
density_pl = 1.493478 (+0.239575, -0.207285)
e = 0.059815 (+0.033529, -0.031215)
h = -0.166421 (+0.104655, -0.072118)
k = 0.124356 (+0.120192, -0.173822)
logP = 1.399218 ± 0.000001
log_ror = -2.606720 (+0.027249, -0.024040)
log_sigmas_rv_0 = 1.026772 (+0.668087, -0.767203)
log_sigmas_rv_1 = 0.425782 (+0.682172, -0.827555)
log_sigmas_rv_2 = 1.504221 (+0.657450, -0.741497)
log_sigmas_rv_3 = 1.588789 (+0.212545, -0.226722)
log_sigmas_rv_4 = 0.234049 (+0.743315, -0.915239)
log_sigmas_rv_5 = 1.283073 (+0.707484, -0.809415)
log_sigmas_rv_6 = 0.157093 (+0.763884, -0.915360)
m_pl = 32.504336 (+1.955229, -1.866387)
means_0 = 3.297114 (+2.768230, -2.960184)
means_1 = -3.729375 (+1.896683, -1.883417)
means_2 = -0.865591 (+4.135031, -3.953894)
means_3 = 17.693477 (+1.680531, -1.712489)
means_4 = 0.533097 (+1.666398, -1.664554)
means_5 = 4.371892 (+3.987836, -3.812999)
means_6 = -9.701329 (+2.125689, -2.021300)
mstar = 0.592224 (+0.019961, -0.019825)
r_pl = 4.926750 (+0.217801, -0.215578)
ror = 0.073776 (+0.002038, -0.001752)
rstar = 0.611411 (+0.017029, -0.017153)
t0 = 0.131499 (+0.000383, -0.000380)
teq = 728.795281 (+10.702499, -11.074092)
trend_0 = 0.000013 (+0.000122, -0.000128)
trend_1 = -0.001409 (+0.010780, -0.010957)
trend_2 = 0.157162 (+0.980023, -0.943976)
u_star_0 = 0.449174 (+0.364077, -0.297660)
u_star_1 = 0.239459 (+0.401526, -0.460978)
w = 2.125879 (+0.576605, -4.544493)
SPIROU_jitter = 2.792 (+1.865, -2.142)
CARMENES-VIS_jitter = 1.531 (+1.044, -1.267)
CARMENES-NIR_jitter = 4.501 (+2.959, -3.337)
ESPRESSO_jitter = 4.898 (+1.041, -1.110)
HIRES_jitter = 1.264 (+0.939, -1.157)
iSHELL_jitter = 3.608 (+2.552, -2.920)
PFS_jitter = 1.170 (+0.894, -1.071)
Sector_5_timescale = 0.128 (+1.403, -0.895)
Sector_32_timescale = 0.318 (+0.224, -0.223)
