K = 17.224655 (+0.728715, -0.725230)
P = 4.051219 (+0.000008, -0.000011)
Sector_32::lc_mean = 0.092459 (+0.152272, -0.163312)
Sector_32::rho_gp = 0.133261 (+0.009101, -0.008253)
Sector_32::sigma_gp = 1.652290 (+0.120043, -0.099214)
Sector_32::sigma_lc = 0.973641 (+0.018627, -0.017989)
Sector_5::lc_mean = 0.013507 (+0.039577, -0.040062)
Sector_5::rho_gp = 0.418185 (+0.427120, -0.197924)
Sector_5::sigma_gp = 0.168980 (+0.044231, -0.043522)
Sector_5::sigma_lc = 0.977120 (+0.018147, -0.018318)
__b_impact_parameter = 0.708543 (+0.027376, -0.029314)
__k_unit_disk = -0.069023 (+0.133862, -0.124836)
__u_star_q1 = 0.721492 (+0.195384, -0.235905)
__u_star_q2 = 0.421879 (+0.295802, -0.271982)
a = 0.041733 (+0.000469, -0.000453)
b = 0.760229 (+0.030700, -0.031891)
density_pl = 1.420228 (+0.213846, -0.223968)
e = 0.018926 (+0.026053, -0.013440)
h = -0.001306 (+0.084944, -0.078331)
k = -0.068256 (+0.132468, -0.125366)
m_pl = 30.197491 (+1.424788, -1.390027)
means_0 = 3.614625 (+3.424376, -3.751209)
means_1 = -4.823262 (+2.842758, -2.923950)
means_2 = -3.585305 (+4.044712, -4.092837)
means_3 = 18.597733 (+4.080831, -4.126069)
means_4 = 1.849375 (+2.740020, -2.866673)
means_5 = 5.210892 (+5.275078, -5.846437)
means_6 = -8.993204 (+2.950269, -3.000933)
mstar = 0.590724 (+0.020145, -0.019041)
r_pl = 4.894627 (+0.269920, -0.218590)
rho_gp_rv = 9.713730 (+5.440347, -3.144181)
ror = 0.072943 (+0.002665, -0.001926)
rstar = 0.614998 (+0.016993, -0.017297)
sigma_gp_rv = 5.894382 (+1.714780, -1.057436)
sigmas_0 = 6.652402 (+2.498079, -2.076436)
sigmas_1 = 1.646893 (+1.144770, -0.905748)
sigmas_2 = 7.667644 (+3.583491, -3.251750)
sigmas_3 = 0.580986 (+0.356203, -0.291338)
sigmas_4 = 0.790232 (+0.731529, -0.411144)
sigmas_5 = 5.511559 (+3.905102, -2.993726)
sigmas_6 = 1.711320 (+1.771842, -1.051217)
t0 = 0.133803 (+0.000444, -0.000385)
teq = 731.041996 (+11.446202, -11.050708)
trend_0 = 0.000187 (+0.000222, -0.000210)
trend_1 = 0.003901 (+0.019391, -0.019019)
u_star_0 = 0.700095 (+0.399904, -0.434387)
u_star_1 = 0.134564 (+0.475456, -0.472639)
w = -1.169420 (+2.682934, -0.859359)
SPIROU_jitter = 6.652 (+2.498, -2.076)
CARMENES-VIS_jitter = 1.647 (+1.145, -0.906)
CARMENES-NIR_jitter = 7.668 (+3.583, -3.252)
ESPRESSO_jitter = 0.581 (+0.356, -0.291)
HIRES_jitter = 0.790 (+0.732, -0.411)
iSHELL_jitter = 5.512 (+3.905, -2.994)
PFS_jitter = 1.711 (+1.772, -1.051)
Sector_5_timescale = 0.094 (+0.096, -0.045)
Sector_32_timescale = 0.030 (+0.002, -0.002)
m_pl_precision = 4.7182 %
r_pl_precision = 5.5146 %
P_precision = 0.0003 %
t0_precision = 0.3321 %
