K = 18.556598 (+1.014257, -1.057990)
P = 4.052032 (+0.000003, -0.000003)
Sector_32::lc_mean = 0.127987 (+0.173757, -0.165515)
Sector_32::log_rho_gp = 0.206026 (+0.776999, -0.574899)
Sector_32::log_sigma_gp = -0.454594 (+0.184037, -0.173958)
Sector_32::log_sigma_lc = -0.022268 (+0.019077, -0.019413)
Sector_32_gp_lc_pred = 0.041775 (+0.553189, -0.695158)
Sector_32_lc = 0.116064 (+0.176245, -0.201621)
Sector_32_lc_phase = 0.104273 (+0.182172, -0.240866)
Sector_5::lc_mean = 0.023682 (+0.031655, -0.034834)
Sector_5::log_rho_gp = -0.502464 (+10.242091, -6.773056)
Sector_5::log_sigma_gp = -4.571775 (+2.796433, -8.040702)
Sector_5::log_sigma_lc = -0.018055 (+0.019191, -0.018919)
Sector_5_gp_lc_pred = 0.000000 (+0.021827, -0.012842)
Sector_5_lc = 0.021095 (+0.032017, -0.046221)
Sector_5_lc_phase = 0.018885 (+0.033264, -0.067298)
__b_impact_parameter = 0.705109 (+0.026731, -0.035522)
__k_unit_disk = 0.114174 (+0.131349, -0.169816)
__u_star_q1 = 0.478356 (+0.279473, -0.185737)
__u_star_q2 = 0.335775 (+0.363641, -0.234644)
a = 0.041774 (+0.000477, -0.000476)
b = 0.757548 (+0.029052, -0.038665)
density_pl = 1.488314 (+0.222072, -0.194790)
e = 0.058281 (+0.035305, -0.032414)
h = -0.166589 (+0.100469, -0.070105)
k = 0.112449 (+0.130495, -0.167264)
logP = 1.399218 (+0.000001, -0.000001)
log_ror = -2.604427 (+0.025107, -0.024083)
log_sigmas_rv = 0.948735 (+0.760112, -1.095006)
m_pl = 32.559561 (+1.954436, -2.069986)
mean = 0.038325 (+15.077178, -4.247480)
means = 0.793099 (+8.291976, -6.429601)
mstar = 0.592250 (+0.020527, -0.020010)
r_pl = 4.937964 (+0.204452, -0.214538)
ror = 0.073946 (+0.001880, -0.001760)
rstar = 0.610800 (+0.017554, -0.017391)
rv_model = 0.341661 (+15.040128, -16.849418)
rv_model_pred = 0.724790 (+14.875330, -17.107942)
sigma = 57.152887 (+452.421281, -31.375371)
t0 = 0.131493 (+0.000381, -0.000384)
teq = 728.659355 (+10.605109, -11.428268)
u_star = 0.356194 (+0.376731, -0.354641)
vrad = 0.341661 (+15.040128, -16.849418)
vrad_pred = 0.724790 (+14.875330, -17.107942)
w = 2.141958 (+0.615583, -4.591950)
SPIROU_jitter = 2.703
CARMENES-VIS_jitter = 1.450
CARMENES-NIR_jitter = 4.344
ESPRESSO_jitter = 4.887
HIRES_jitter = 1.146
iSHELL_jitter = 3.344
PFS_jitter = 1.140
Sector_5_timescale = 0.136 (+1.395, -0.922)
Sector_32_timescale = 0.277 (+0.215, -0.159)
