K = 16.944049 (+0.536114, -0.487300)
P = 4.052031 (+0.000003, -0.000003)
Q0 = 106.356706 (+462.995264, -92.314511)
Sector_32::lc_mean = 0.024430 (+0.317041, -0.321142)
Sector_32::rho_gp = 0.709122 (+0.672693, -0.287287)
Sector_32::sigma_gp = 0.916548 (+0.358600, -0.233496)
Sector_32::sigma_lc = 0.948310 (+0.047298, -0.043607)
Sector_5::lc_mean = 0.038235 (+0.136882, -0.134432)
Sector_5::rho_gp = 1.004266 (+1.558258, -0.590058)
Sector_5::sigma_gp = 0.291053 (+0.151912, -0.112134)
Sector_5::sigma_lc = 0.908831 (+0.046036, -0.045581)
__b_impact_parameter = 0.724880 (+0.020437, -0.022696)
__k_unit_disk = -0.063527 (+0.122803, -0.099112)
__u_star_q1 = 0.412573 (+0.263626, -0.155067)
__u_star_q2 = 0.351547 (+0.370377, -0.250568)
a = 0.041798 (+0.000460, -0.000496)
b = 0.779747 (+0.022303, -0.025536)
dQ = 510.869312 (+334.762534, -323.097687)
density_pl = 1.299202 (+0.193760, -0.155652)
e = 0.023337 (+0.019828, -0.015088)
f = 0.680754 (+0.224860, -0.294272)
gp_period = 31.911283 (+0.322935, -0.538083)
h = -0.102229 (+0.078450, -0.053404)
k = -0.063247 (+0.122143, -0.098282)
m_pl = 29.777298 (+1.197762, -1.039203)
means_0 = 8.183457 (+2.990070, -3.040620)
means_1 = -1.097395 (+1.413434, -1.383425)
means_2 = 0.093671 (+2.979168, -3.156429)
means_3 = 15.749260 (+1.420320, -1.341146)
means_4 = 3.374860 (+1.053993, -1.076563)
means_5 = 9.443320 (+4.068765, -3.944497)
means_6 = -6.428587 (+1.629143, -1.670361)
mstar = 0.593272 (+0.019824, -0.020868)
r_pl = 5.007717 (+0.217321, -0.207098)
ror = 0.075071 (+0.001974, -0.001553)
rstar = 0.611082 (+0.017364, -0.017869)
sigma_gp_rv = 8.126926 (+4.116362, -2.419470)
sigmas_0 = 9.715731 (+2.672366, -2.039591)
sigmas_1 = 2.526739 (+0.894348, -0.894357)
sigmas_2 = 6.815362 (+3.559735, -3.456283)
sigmas_3 = 1.335146 (+0.456314, -0.397394)
sigmas_4 = 0.792045 (+0.649787, -0.405487)
sigmas_5 = 6.215720 (+3.238216, -2.782385)
sigmas_6 = 2.264518 (+1.329258, -1.026071)
t0 = 0.131534 (+0.000348, -0.000356)
teq = 728.454235 (+10.217166, -11.309708)
trend_0 = -0.000088 (+0.000098, -0.000103)
trend_1 = -0.018006 (+0.008490, -0.008436)
u_star_0 = 0.451871 (+0.357113, -0.313475)
u_star_1 = 0.198758 (+0.392263, -0.436688)
w = -2.057770 (+4.451702, -0.634123)
SPIROU_jitter = 9.716 (+2.672, -2.040)
CARMENES-VIS_jitter = 2.527 (+0.894, -0.894)
CARMENES-NIR_jitter = 6.815 (+3.560, -3.456)
ESPRESSO_jitter = 1.335 (+0.456, -0.397)
HIRES_jitter = 0.792 (+0.650, -0.405)
iSHELL_jitter = 6.216 (+3.238, -2.782)
PFS_jitter = 2.265 (+1.329, -1.026)
Sector_5_timescale = 0.226 (+0.351, -0.133)
Sector_32_timescale = 0.160 (+0.151, -0.065)
m_pl_precision = 4.0224 %
r_pl_precision = 4.3397 %
P_precision = 0.0001 %
t0_precision = 0.2705 %
