log_t0 = -2.028454 (+0.002940, -0.002872)
log_P = 1.399219 ± 0.000001
log_K_0 = 2.907643 (+0.045488, -0.048609)
log_ror = -2.635693 (+0.025685, -0.023147)
lc_mean = 0.000724 (+0.017601, -0.017082)
logs = -2.135240 (+0.351150, -0.445742)
trend_0 = 0.000009 (+0.000003, -0.000003)
trend_1 = 0.006020 (+0.002915, -0.002908)
trend_2 = 0.194740 (+0.978239, -1.015141)
means_0 = -4.848130 (+2.204142, -2.273720)
means_1 = -2.681805 (+2.798260, -2.797342)
means_2 = 15.570197 (+2.312346, -2.255512)
means_3 = -0.630963 (+2.199872, -2.173844)
means_4 = 4.370182 (+2.732067, -2.712322)
means_5 = -11.059244 (+2.437322, -2.325454)
means_6 = 2.932020 (+2.637537, -2.576035)
means_7 = 0.537661 (+4.910971, -4.864420)
log_sigmas_0 = 1.715555 (+0.170354, -0.155410)
log_sigmas_1 = 1.886192 (+0.437932, -0.623668)
log_sigmas_2 = 1.763978 (+0.193447, -0.168217)
log_sigmas_3 = 1.412058 (+0.241334, -0.236439)
log_sigmas_4 = 1.713108 (+0.464060, -0.676207)
log_sigmas_5 = 0.903212 (+0.524712, -0.696013)
log_sigmas_6 = 1.971039 (+0.252366, -0.277206)
log_sigmas_7 = 2.506892 (+0.167977, -0.163100)
q1 = 0.587197 (+0.272724, -0.237882)
q2 = 0.310722 (+0.315276, -0.201261)
mstar = 0.541992 (+0.001016, -0.000999)
rstar = 0.536036 (+0.000995, -0.001010)
b = 0.692588 (+0.031491, -0.045186)
e = 0.043940 (+0.032289, -0.026938)
w = 2.005493 (+0.696767, -4.388200)
u_star_0 = 0.480641 (+0.325533, -0.303412)
u_star_1 = 0.290907 (+0.367550, -0.449423)
t0 = 0.131539 (+0.000387, -0.000377)
P = 4.052032 (+0.000003, -0.000003)
K_0 = 18.313576 (+0.852288, -0.868911)
ror = 0.071669 (+0.001865, -0.001640)
r_pl = 4.190858 (+0.108891, -0.097132)
m_pl_0 = 30.307597 (+1.395560, -1.441985)
density_pl_0 = 2.262840 (+0.202647, -0.199449)
a_0 = 0.040558 (+0.000025, -0.000025)
teq_0 = 722.834042 (+0.710466, -0.726103)
CARMENES-VIS_jitter = 5.560 (+0.947, -0.864)
CARMENES-NIR_jitter = 6.594 (+2.888, -4.113)
ESPRESSO_jitter = 5.836 (+1.129, -0.982)
HIRES_jitter = 4.104 (+0.991, -0.970)
iSHELL_jitter = 5.546 (+2.574, -3.750)
PFS_jitter = 2.468 (+1.295, -1.717)
SPIROU-1_jitter = 7.178 (+1.812, -1.990)
SPIROU-2_jitter = 12.267 (+2.061, -2.001)
m_pl_0_precision = 4.7578 %
r_pl_precision = 2.5983 %
P_precision = 0.0001 %
t0_precision = 0.2944 %
