log_t0 = -2.028525 (+0.002676, -0.002552)
log_P = 1.399218 (+0.000001, -0.000001)
log_K_0 = 2.858857 (+0.037416, -0.036672)
log_ror = -2.634303 (+0.022281, -0.015245)
lc_mean = 0.002467 (+0.021807, -0.018265)
logs = -2.236967 (+0.364446, -0.390306)
means_0 = -2.390092 (+0.940488, -1.094053)
means_1 = -0.735234 (+2.577159, -2.677843)
means_2 = 14.707275 (+1.987942, -1.848395)
means_3 = 2.009485 (+0.905117, -1.036021)
means_4 = 6.339270 (+2.744397, -3.202505)
means_5 = -7.271115 (+1.692885, -1.677976)
means_6 = 5.118534 (+2.110878, -2.109496)
means_7 = 11.174203 (+2.142728, -2.553750)
log_sigmas_0 = 1.036237 (+0.278712, -0.430702)
log_sigmas_1 = 1.865417 (+0.407418, -0.593155)
log_sigmas_2 = -0.180771 (+0.434468, -0.616656)
log_sigmas_3 = -0.036942 (+0.498438, -0.692951)
log_sigmas_4 = 1.691661 (+0.462116, -0.689249)
log_sigmas_5 = 0.708273 (+0.540151, -1.144257)
log_sigmas_6 = 2.035486 (+0.271310, -0.310458)
log_sigmas_7 = 2.476231 (+0.180745, -0.206655)
q1 = 0.786070 (+0.208777, -0.380470)
q2 = 0.227918 (+0.244205, -0.139700)
mstar = 0.541925 (+0.001090, -0.001033)
rstar = 0.535956 (+0.001104, -0.000935)
b = 0.705205 (+0.030483, -0.020878)
e = 0.040333 (+0.020070, -0.019453)
w = -2.319258 (+4.549260, -0.499261)
e_2 = 0.479366 (+0.383929, -0.264931)
w_2 = -1.231998 (+1.416527, -1.232975)
P_2 = 15.214127 (+0.937014, -0.235574)
K_2 = 4.732829 (+2.308341, -1.325586)
phase_2 = 0.399153 (+0.274409, -0.274781)
sigma_gp = 6.174809 (+2.823012, -2.183519)
gp_period = 32.873443 (+9.713281, -5.360213)
log_Q0 = 1.663048 (+1.250110, -0.476822)
log_dQ = 6.962285 (+2.441852, -5.048160)
f = 0.770379 (+0.158275, -0.308777)
u_star_0 = 0.398193 (+0.285780, -0.237514)
u_star_1 = 0.484382 (+0.292216, -0.445478)
t0 = 0.131529 (+0.000352, -0.000335)
P = 4.052032 (+0.000003, -0.000003)
K_0 = 17.441574 (+0.664964, -0.628028)
ror = 0.071769 (+0.001617, -0.001086)
r_pl = 4.197098 (+0.095094, -0.063733)
m_pl_0 = 28.873768 (+1.086755, -1.038902)
density_pl_0 = 2.133079 (+0.131303, -0.124073)
a_0 = 0.040556 (+0.000027, -0.000026)
teq_0 = 722.788560 (+0.771473, -0.661830)
tperi_2 = 1168.584075 (+4.257363, -4.299608)
m_pl_2 = 12.260708 (+5.988531, -3.416817)
a_2 = 0.098096 (+0.003875, -0.001142)
teq_2 = 464.758961 (+2.786592, -8.831616)
CARMENES-VIS_jitter = 2.819 (+0.786, -1.214)
CARMENES-NIR_jitter = 6.459 (+2.631, -3.831)
ESPRESSO_jitter = 0.835 (+0.363, -0.515)
HIRES_jitter = 0.964 (+0.480, -0.668)
iSHELL_jitter = 5.428 (+2.509, -3.742)
PFS_jitter = 2.030 (+1.097, -2.323)
SPIROU-1_jitter = 7.656 (+2.077, -2.377)
SPIROU-2_jitter = 11.896 (+2.150, -2.458)
m_pl_0_precision = 3.7638 %
r_pl_precision = 2.2657 %
P_precision = 0.0001 %
t0_precision = 0.2680 %
