K = 17.941820 (+0.694866, -0.687368)
K_2 = 6.441596 (+0.637482, -1.998581)
P = 4.052031 (+0.000003, -0.000003)
P_2 = 10.617405 (+2.327264, -0.775959)
Sector_32::lc_mean = 0.032271 (+0.324511, -0.353349)
Sector_32::rho_gp = 0.726313 (+0.662206, -0.306912)
Sector_32::sigma_gp = 0.919723 (+0.363289, -0.238151)
Sector_32::sigma_lc = 0.949469 (+0.048109, -0.049074)
Sector_5::lc_mean = 0.043069 (+0.137795, -0.141169)
Sector_5::rho_gp = 1.026131 (+1.492333, -0.597304)
Sector_5::sigma_gp = 0.290154 (+0.166827, -0.106090)
Sector_5::sigma_lc = 0.908290 (+0.048604, -0.044008)
__b_impact_parameter = 0.720106 (+0.023240, -0.024895)
__k_unit_disk = 0.003248 (+0.132888, -0.144508)
__u_star_q1 = 0.424380 (+0.261040, -0.158992)
__u_star_q2 = 0.334911 (+0.382786, -0.238616)
a = 0.041779 (+0.000451, -0.000467)
a_2 = 0.080257 (+0.010285, -0.005070)
b = 0.774061 (+0.025637, -0.027034)
density_pl = 1.390788 (+0.188459, -0.178682)
e = 0.028495 (+0.025172, -0.017633)
h = -0.113652 (+0.106742, -0.067852)
k = 0.003213 (+0.132399, -0.142554)
m_pl = 31.559069 (+1.391424, -1.433850)
m_pl_2 = 15.537401 (+1.679661, -4.124181)
means_0 = 3.059253 (+2.701668, -2.763725)
means_1 = -2.867599 (+1.372264, -1.525007)
means_2 = -1.264282 (+2.619486, -2.509031)
means_3 = 17.702326 (+0.566962, -0.719069)
means_4 = 0.999860 (+1.184746, -1.282066)
means_5 = 7.473342 (+2.303097, -2.508209)
means_6 = -10.765325 (+2.436712, -2.557159)
mstar = 0.592474 (+0.019416, -0.019647)
r_pl = 4.994068 (+0.220255, -0.198519)
ror = 0.074884 (+0.001865, -0.001603)
rstar = 0.610990 (+0.017256, -0.016504)
sigmas_0 = 9.182590 (+2.482703, -1.843328)
sigmas_1 = 6.362353 (+1.328227, -1.321994)
sigmas_2 = 8.138703 (+3.684217, -3.429553)
sigmas_3 = 1.282724 (+1.699861, -0.650878)
sigmas_4 = 4.349441 (+1.306346, -0.948074)
sigmas_5 = 4.105717 (+3.753709, -2.302079)
sigmas_6 = 5.633399 (+2.692922, -1.912915)
t0 = 0.131519 (+0.000357, -0.000369)
t0_2 = 306.200666 (+0.232827, -1.717502)
teq = 728.410388 (+11.122201, -10.774483)
teq_2 = 522.889572 (+23.021457, -29.342663)
u_star_0 = 0.439026 (+0.377390, -0.308699)
u_star_1 = 0.213463 (+0.388232, -0.449333)
w = 0.573327 (+2.028538, -3.211679)
SPIROU_jitter = 9.183 (+2.483, -1.843)
CARMENES-VIS_jitter = 6.362 (+1.328, -1.322)
CARMENES-NIR_jitter = 8.139 (+3.684, -3.430)
ESPRESSO_jitter = 1.283 (+1.700, -0.651)
HIRES_jitter = 4.349 (+1.306, -0.948)
iSHELL_jitter = 4.106 (+3.754, -2.302)
PFS_jitter = 5.633 (+2.693, -1.913)
Sector_5_timescale = 0.231 (+0.336, -0.134)
Sector_32_timescale = 0.163 (+0.149, -0.069)
m_pl_precision = 4.5434 %
r_pl_precision = 4.4103 %
P_precision = 0.0001 %
t0_precision = 0.2807 %
