K = 17.184713 (+0.499631, -0.442942)
P = 4.052031 (+0.000003, -0.000003)
Q0 = 22.231060 (+146.877865, -15.629168)
Sector_32::lc_mean = 0.032373 (+0.330517, -0.351860)
Sector_32::rho_gp = 0.730566 (+0.692764, -0.308531)
Sector_32::sigma_gp = 0.924143 (+0.349228, -0.222587)
Sector_32::sigma_lc = 0.948626 (+0.050761, -0.048629)
Sector_5::lc_mean = 0.035227 (+0.143735, -0.133675)
Sector_5::rho_gp = 1.006705 (+1.598340, -0.566822)
Sector_5::sigma_gp = 0.291880 (+0.161077, -0.105345)
Sector_5::sigma_lc = 0.908383 (+0.043682, -0.041905)
__b_impact_parameter = 0.728688 (+0.020008, -0.023416)
__k_unit_disk = -0.106007 (+0.123219, -0.088777)
__u_star_q1 = 0.407097 (+0.254625, -0.163367)
__u_star_q2 = 0.345744 (+0.398810, -0.254673)
a = 0.041797 (+0.000462, -0.000485)
b = 0.783900 (+0.021754, -0.025986)
dQ = 530.915265 (+323.402462, -326.267154)
density_pl = 1.314337 (+0.189310, -0.161216)
e = 0.031485 (+0.021583, -0.018583)
f = 0.700521 (+0.209158, -0.302901)
gp_period = 31.864822 (+0.566151, -1.657930)
h = -0.119187 (+0.063283, -0.043331)
k = -0.104994 (+0.122014, -0.088175)
m_pl = 30.213326 (+1.087974, -1.033405)
means_0 = 6.293986 (+2.588970, -2.619743)
means_1 = -2.317950 (+0.899572, -0.822767)
means_2 = -1.641154 (+2.868260, -2.783196)
means_3 = 14.268277 (+1.376195, -1.250070)
means_4 = 1.982245 (+0.779883, -0.716080)
means_5 = 5.792833 (+3.349441, -3.106612)
means_6 = -7.794833 (+1.423686, -1.599166)
mstar = 0.593237 (+0.019904, -0.020408)
r_pl = 5.015200 (+0.204871, -0.204959)
ror = 0.075255 (+0.002016, -0.001729)
rstar = 0.609920 (+0.017059, -0.016104)
sigma_gp_rv = 7.654038 (+3.962912, -2.052372)
sigmas_0 = 8.997457 (+2.506114, -1.885634)
sigmas_1 = 2.582069 (+0.933441, -0.906240)
sigmas_2 = 6.828189 (+3.704506, -3.220208)
sigmas_3 = 1.177538 (+0.472860, -0.376480)
sigmas_4 = 0.789465 (+0.679981, -0.417880)
sigmas_5 = 6.032827 (+3.616436, -2.940857)
sigmas_6 = 2.203623 (+1.386789, -0.980163)
t0 = 0.131526 (+0.000381, -0.000364)
teq = 727.720365 (+11.117049, -10.551939)
u_star_0 = 0.431837 (+0.390346, -0.302527)
u_star_1 = 0.187108 (+0.412369, -0.444261)
w = -2.180096 (+3.855831, -0.479181)
SPIROU_jitter = 8.997 (+2.506, -1.886)
CARMENES-VIS_jitter = 2.582 (+0.933, -0.906)
CARMENES-NIR_jitter = 6.828 (+3.705, -3.220)
ESPRESSO_jitter = 1.178 (+0.473, -0.376)
HIRES_jitter = 0.789 (+0.680, -0.418)
iSHELL_jitter = 6.033 (+3.616, -2.941)
PFS_jitter = 2.204 (+1.387, -0.980)
Sector_5_timescale = 0.227 (+0.360, -0.128)
Sector_32_timescale = 0.164 (+0.156, -0.069)
m_pl_precision = 3.6010 %
r_pl_precision = 4.0868 %
P_precision = 0.0001 %
t0_precision = 0.2895 %
