log_t0 = -2.028290 (+0.002667, -0.002730)
log_P = 1.399219 (+0.000001, -0.000001)
log_K_0 = 2.842584 (+0.028466, -0.028373)
log_ror = -2.620951 (+0.024282, -0.019640)
lc_mean = 0.001547 (+0.017446, -0.017683)
logs = -2.128594 (+0.351802, -0.454849)
trend_0 = 0.000010 (+0.000003, -0.000003)
trend_1 = 0.005897 (+0.003071, -0.003041)
trend_2 = 0.062496 (+0.967427, -0.978996)
means_0 = -4.798063 (+2.145048, -2.187647)
means_1 = -2.752527 (+2.801275, -2.895674)
means_2 = 10.845799 (+2.500640, -2.675672)
means_3 = 0.154307 (+2.078273, -2.010505)
means_4 = 3.677867 (+3.192930, -3.120510)
means_5 = -8.956772 (+2.514312, -2.347040)
means_6 = 3.605940 (+2.805129, -2.810577)
means_7 = 0.044249 (+4.757671, -4.981780)
log_sigmas_0 = 0.866518 (+0.325972, -0.452888)
log_sigmas_1 = 1.864103 (+0.448392, -0.652235)
log_sigmas_2 = 0.078548 (+0.332133, -0.383303)
log_sigmas_3 = -0.340930 (+0.668061, -0.728247)
log_sigmas_4 = 1.700250 (+0.481757, -0.695428)
log_sigmas_5 = 0.977502 (+0.468608, -0.580409)
log_sigmas_6 = 2.076444 (+0.284208, -0.312296)
log_sigmas_7 = 2.417132 (+0.198527, -0.230228)
q1 = 0.492791 (+0.287453, -0.192545)
q2 = 0.338537 (+0.373578, -0.232590)
mstar = 0.541986 (+0.000995, -0.000997)
rstar = 0.536012 (+0.000982, -0.000997)
b = 0.722913 (+0.023984, -0.023873)
e = 0.029471 (+0.023528, -0.018464)
w = -2.082932 (+3.373607, -0.475234)
sigma_gp = 6.553954 (+2.633774, -1.465181)
gp_period = 31.874690 (+1.995743, -3.063943)
log_Q0 = 1.900504 (+1.134381, -0.651522)
log_dQ = 4.874118 (+3.352320, -5.105891)
f = 0.691786 (+0.219169, -0.290947)
u_star_0 = 0.475642 (+0.358414, -0.308305)
u_star_1 = 0.231570 (+0.404644, -0.473316)
t0 = 0.131560 (+0.000351, -0.000359)
P = 4.052032 (+0.000003, -0.000003)
K_0 = 17.160055 (+0.495496, -0.480037)
ror = 0.072734 (+0.001788, -0.001415)
r_pl = 4.253028 (+0.104734, -0.084321)
m_pl_0 = 28.421418 (+0.810447, -0.794401)
density_pl_0 = 2.027644 (+0.137281, -0.144637)
a_0 = 0.040557 (+0.000025, -0.000025)
teq_0 = 722.819553 (+0.701928, -0.697830)
CARMENES-VIS_jitter = 2.379 (+0.775, -1.077)
CARMENES-NIR_jitter = 6.450 (+2.892, -4.207)
ESPRESSO_jitter = 1.082 (+0.359, -0.415)
HIRES_jitter = 0.711 (+0.475, -0.518)
iSHELL_jitter = 5.475 (+2.638, -3.808)
PFS_jitter = 2.658 (+1.245, -1.543)
SPIROU-1_jitter = 7.976 (+2.267, -2.491)
SPIROU-2_jitter = 11.214 (+2.226, -2.582)
m_pl_0_precision = 2.8515 %
r_pl_precision = 2.4626 %
P_precision = 0.0001 %
t0_precision = 0.2726 %
