K = 17.289068 (+0.621889, -0.748332)
K_2 = 4.834211 (+1.220159, -1.456212)
P = 4.051620 (+0.000007, -0.000007)
P_2 = 16.000693 (+0.033623, -0.038382)
Q0 = 4.690745 (+3.245821, -2.577575)
Sector_32::lc_mean = 0.105475 (+0.145894, -0.164694)
Sector_32::rho_gp = 0.147712 (+0.009557, -0.009440)
Sector_32::sigma_gp = 1.638190 (+0.117080, -0.103337)
Sector_32::sigma_lc = 0.972924 (+0.020924, -0.018366)
Sector_5::lc_mean = 0.020367 (+0.039135, -0.037469)
Sector_5::rho_gp = 0.471000 (+0.379324, -0.189111)
Sector_5::sigma_gp = 0.164155 (+0.045749, -0.041414)
Sector_5::sigma_lc = 0.977206 (+0.015851, -0.017258)
__b_impact_parameter = 0.704669 (+0.023648, -0.025168)
__k_2_unit_disk = -0.433093 (+0.301976, -0.207875)
__k_unit_disk = -0.097713 (+0.129631, -0.095714)
__u_star_q1 = 0.694755 (+0.201444, -0.191220)
__u_star_q2 = 0.454892 (+0.300883, -0.262260)
a = 0.041809 (+0.000556, -0.000491)
a_2 = 0.104463 (+0.001397, -0.001241)
b = 0.756630 (+0.026327, -0.027907)
dQ = 5.108073 (+3.244729, -3.538880)
density_pl = 1.401193 (+0.237382, -0.199854)
e = 0.019840 (+0.024734, -0.014213)
e_2 = 0.278431 (+0.285716, -0.163861)
f = 0.672011 (+0.221747, -0.326303)
gp_period = 28.362512 (+3.523430, -1.740524)
h = -0.046612 (+0.077806, -0.067228)
h_2 = 0.066013 (+0.280705, -0.332155)
k = -0.097441 (+0.129188, -0.094606)
k_2 = -0.409878 (+0.290520, -0.194095)
m_pl = 30.341382 (+1.291173, -1.088771)
m_pl_2 = 13.414849 (+3.469428, -3.801108)
means_0 = 5.988470 (+2.650896, -2.361778)
means_1 = -2.340289 (+0.954665, -0.863946)
means_2 = -1.532472 (+2.639127, -2.777768)
means_3 = 15.874172 (+1.712611, -1.743391)
means_4 = 2.582068 (+0.843323, -0.873061)
means_5 = 6.774201 (+3.531149, -3.138620)
means_6 = -7.672458 (+1.634885, -1.630882)
mstar = 0.593877 (+0.023996, -0.020690)
r_pl = 4.917059 (+0.252397, -0.236675)
ror = 0.073379 (+0.002606, -0.002008)
rstar = 0.613073 (+0.017303, -0.018604)
sigma_gp_rv = 3.580368 (+1.272948, -1.040316)
sigmas_0 = 8.216355 (+2.319035, -1.891534)
sigmas_1 = 2.434815 (+0.871514, -0.896283)
sigmas_2 = 6.437457 (+3.744061, -3.013899)
sigmas_3 = 0.958235 (+0.389791, -0.353108)
sigmas_4 = 0.798936 (+0.730447, -0.422027)
sigmas_5 = 5.907254 (+3.214813, -2.508432)
sigmas_6 = 2.211499 (+1.439261, -1.066289)
t0 = 0.132677 (+0.000405, -0.000402)
t0_2 = 94.741529 (+2.963732, -1.428298)
teq = 728.574650 (+11.863352, -11.709960)
teq_2 = 460.960674 (+7.463417, -7.235983)
u_star_0 = 0.760607 (+0.371736, -0.426394)
u_star_1 = 0.076876 (+0.460315, -0.443922)
w = -1.745350 (+2.983488, -0.574458)
w_2 = -1.320906 (+0.892134, -0.697934)
SPIROU_jitter = 8.216 (+2.319, -1.892)
CARMENES-VIS_jitter = 2.435 (+0.872, -0.896)
CARMENES-NIR_jitter = 6.437 (+3.744, -3.014)
ESPRESSO_jitter = 0.958 (+0.390, -0.353)
HIRES_jitter = 0.799 (+0.730, -0.422)
iSHELL_jitter = 5.907 (+3.215, -2.508)
PFS_jitter = 2.211 (+1.439, -1.066)
Sector_5_timescale = 0.106 (+0.085, -0.043)
Sector_32_timescale = 0.033 (+0.002, -0.002)
m_pl_precision = 4.2555 %
r_pl_precision = 5.1331 %
P_precision = 0.0002 %
t0_precision = 0.3051 %
