log_t0 = -2.028349 (+0.002677, -0.002736)
log_P = 1.399219 ± 0.000001
log_K_0 = 2.843646 (+0.027117, -0.028203)
log_ror = -2.620805 (+0.023322, -0.020264)
lc_mean = 0.001341 (+0.016788, -0.016924)
logs = -2.137994 (+0.353961, -0.451436)
trend_0 = 0.000010 ± 0.000003
trend_1 = 0.005932 (+0.002873, -0.002995)
trend_2 = 0.084753 (+0.984762, -0.979277)
means_0 = -4.841260 (+2.151257, -2.140666)
means_1 = -2.800780 (+2.821946, -2.811994)
means_2 = 10.868064 (+2.501616, -2.697609)
means_3 = 0.131676 (+2.031349, -1.971987)
means_4 = 3.719877 (+2.994549, -3.048876)
means_5 = -8.925451 (+2.514641, -2.395017)
means_6 = 3.609448 (+2.719637, -2.892814)
means_7 = 0.037856 (+4.738420, -4.697382)
log_sigmas_0 = 0.860313 (+0.327857, -0.457030)
log_sigmas_1 = 1.855671 (+0.453798, -0.660308)
log_sigmas_2 = 0.090755 (+0.323894, -0.412453)
log_sigmas_3 = -0.305801 (+0.634510, -0.760896)
log_sigmas_4 = 1.698907 (+0.488131, -0.706824)
log_sigmas_5 = 0.974880 (+0.474063, -0.551394)
log_sigmas_6 = 2.077127 (+0.301298, -0.310459)
log_sigmas_7 = 2.415122 (+0.200371, -0.229662)
q1 = 0.495497 (+0.291484, -0.188549)
q2 = 0.330689 (+0.370846, -0.228809)
mstar = 0.541962 (+0.001012, -0.001004)
rstar = 0.536026 (+0.000961, -0.000958)
b = 0.723730 (+0.023031, -0.025083)
e = 0.029540 (+0.024465, -0.018897)
w = -2.087243 (+3.187203, -0.471952)
sigma_gp = 6.540860 (+2.548232, -1.524901)
gp_period = 31.874906 (+1.750523, -3.010537)
log_Q0 = 1.917500 (+1.154503, -0.657111)
log_dQ = 4.912239 (+3.314794, -5.257784)
f = 0.699847 (+0.209668, -0.293516)
u_star_0 = 0.469562 (+0.365005, -0.310084)
u_star_1 = 0.243036 (+0.397906, -0.476081)
t0 = 0.131553 (+0.000353, -0.000359)
P = 4.052032 (+0.000003, -0.000003)
K_0 = 17.178284 (+0.472189, -0.477711)
ror = 0.072744 (+0.001717, -0.001459)
r_pl = 4.253616 (+0.100680, -0.085444)
m_pl_0 = 28.447526 (+0.777492, -0.794396)
density_pl_0 = 2.027254 (+0.139972, -0.140887)
a_0 = 0.040557 (+0.000025, -0.000025)
teq_0 = 722.837898 (+0.691223, -0.690581)
CARMENES-VIS_jitter = 2.364 (+0.775, -1.080)
CARMENES-NIR_jitter = 6.396 (+2.902, -4.223)
ESPRESSO_jitter = 1.095 (+0.355, -0.452)
HIRES_jitter = 0.737 (+0.467, -0.560)
iSHELL_jitter = 5.468 (+2.669, -3.865)
PFS_jitter = 2.651 (+1.257, -1.462)
SPIROU-1_jitter = 7.982 (+2.405, -2.478)
SPIROU-2_jitter = 11.191 (+2.242, -2.570)
m_pl_0_precision = 2.7925 %
r_pl_precision = 2.3669 %
P_precision = 0.0001 %
t0_precision = 0.2732 %
