log_t0 = -2.028494 (+0.002836, -0.002704)
log_P = 1.399219 ± 0.000001
log_K_0 = 2.911576 (+0.044560, -0.047962)
log_ror = -2.635534 (+0.025315, -0.023453)
lc_mean = 0.001312 (+0.016939, -0.017197)
logs = -2.131782 (+0.352200, -0.453908)
means_0 = -3.012204 (+1.021454, -1.006102)
means_1 = -1.801062 (+2.430393, -2.404847)
means_2 = 16.929483 (+1.321127, -1.482348)
means_3 = 0.571791 (+1.157630, -1.158321)
means_4 = 4.826190 (+2.354092, -2.441641)
means_5 = -9.771985 (+1.519775, -1.303537)
means_6 = 3.848033 (+2.056017, -2.231018)
means_7 = 11.972813 (+2.453699, -2.721205)
log_sigmas_0 = 1.702359 (+0.168434, -0.167102)
log_sigmas_1 = 1.872083 (+0.432309, -0.684465)
log_sigmas_2 = 1.766812 (+0.175550, -0.161471)
log_sigmas_3 = 1.427196 (+0.239686, -0.231341)
log_sigmas_4 = 1.720498 (+0.474717, -0.642102)
log_sigmas_5 = 0.909868 (+0.495824, -0.663861)
log_sigmas_6 = 1.966905 (+0.265023, -0.265524)
log_sigmas_7 = 2.566530 (+0.177045, -0.166862)
q1 = 0.595897 (+0.269902, -0.244594)
q2 = 0.306367 (+0.312042, -0.198498)
mstar = 0.541984 (+0.001025, -0.001012)
rstar = 0.536013 (+0.001002, -0.001008)
b = 0.693143 (+0.032574, -0.044604)
e = 0.045542 (+0.031854, -0.026959)
w = 2.028748 (+0.693416, -4.522500)
u_star_0 = 0.475985 (+0.324458, -0.297102)
u_star_1 = 0.301831 (+0.361988, -0.450342)
t0 = 0.131533 (+0.000374, -0.000355)
P = 4.052032 (+0.000003, -0.000003)
K_0 = 18.385753 (+0.837803, -0.860996)
ror = 0.071681 (+0.001838, -0.001662)
r_pl = 4.191496 (+0.107941, -0.098558)
m_pl_0 = 30.424723 (+1.385615, -1.436837)
density_pl_0 = 2.267142 (+0.202719, -0.198744)
a_0 = 0.040557 (+0.000026, -0.000025)
teq_0 = 722.826863 (+0.714912, -0.722492)
CARMENES-VIS_jitter = 5.487 (+0.924, -0.917)
CARMENES-NIR_jitter = 6.502 (+2.811, -4.450)
ESPRESSO_jitter = 5.852 (+1.027, -0.945)
HIRES_jitter = 4.167 (+0.999, -0.964)
iSHELL_jitter = 5.587 (+2.652, -3.588)
PFS_jitter = 2.484 (+1.232, -1.649)
SPIROU-1_jitter = 7.149 (+1.895, -1.898)
SPIROU-2_jitter = 13.021 (+2.305, -2.173)
m_pl_0_precision = 4.7226 %
r_pl_precision = 2.5752 %
P_precision = 0.0001 %
t0_precision = 0.2841 %
