K = 16.972845 (+0.483848, -0.500617)
P = 4.052031 (+0.000003, -0.000003)
Q0 = 118.327539 (+461.327077, -104.758743)
Sector_32::lc_mean = 0.035011 (+0.329027, -0.337273)
Sector_32::rho_gp = 0.691389 (+0.603008, -0.281900)
Sector_32::sigma_gp = 0.909085 (+0.342025, -0.234019)
Sector_32::sigma_lc = 0.947080 (+0.052293, -0.044791)
Sector_5::lc_mean = 0.040175 (+0.143025, -0.145741)
Sector_5::rho_gp = 1.011197 (+1.725081, -0.593334)
Sector_5::sigma_gp = 0.292091 (+0.158864, -0.105830)
Sector_5::sigma_lc = 0.908551 (+0.047614, -0.044317)
__b_impact_parameter = 0.724567 (+0.020574, -0.022684)
__k_unit_disk = -0.061089 (+0.117747, -0.102299)
__u_star_q1 = 0.412125 (+0.243679, -0.155417)
__u_star_q2 = 0.351192 (+0.388922, -0.251159)
a = 0.041795 (+0.000442, -0.000448)
b = 0.779273 (+0.022247, -0.025162)
dQ = 518.561427 (+341.866307, -338.897442)
density_pl = 1.304311 (+0.192878, -0.160524)
e = 0.023440 (+0.018644, -0.015206)
f = 0.674839 (+0.229822, -0.296689)
gp_period = 31.903232 (+0.296296, -0.556189)
h = -0.097674 (+0.076839, -0.054489)
k = -0.060529 (+0.116722, -0.101213)
m_pl = 29.844338 (+1.080271, -1.080484)
means_0 = 8.173904 (+3.007394, -3.102460)
means_1 = -1.081945 (+1.434289, -1.464780)
means_2 = 0.116996 (+3.041977, -2.960544)
means_3 = 15.784149 (+1.451039, -1.526627)
means_4 = 3.345971 (+1.022615, -1.139972)
means_5 = 9.443776 (+4.031794, -4.129159)
means_6 = -6.524821 (+1.573187, -1.642978)
mstar = 0.593162 (+0.019036, -0.018890)
r_pl = 5.010400 (+0.217077, -0.208503)
ror = 0.075119 (+0.002010, -0.001637)
rstar = 0.610557 (+0.016575, -0.017621)
sigma_gp_rv = 7.997613 (+4.117435, -2.303683)
sigmas_0 = 9.616559 (+2.662330, -1.994457)
sigmas_1 = 2.584810 (+0.863391, -0.862901)
sigmas_2 = 6.912741 (+3.011314, -3.061708)
sigmas_3 = 1.320455 (+0.472422, -0.403881)
sigmas_4 = 0.806272 (+0.680121, -0.437401)
sigmas_5 = 6.122196 (+3.376999, -2.851825)
sigmas_6 = 2.188286 (+1.327329, -0.961594)
t0 = 0.131535 (+0.000350, -0.000366)
teq = 728.271109 (+10.551838, -11.304237)
trend_0 = -0.000090 (+0.000109, -0.000099)
trend_1 = -0.018128 (+0.008766, -0.008662)
u_star_0 = 0.456361 (+0.370538, -0.315143)
u_star_1 = 0.185258 (+0.394532, -0.446980)
w = -2.027085 (+4.415606, -0.648760)
SPIROU_jitter = 9.617 (+2.662, -1.994)
CARMENES-VIS_jitter = 2.585 (+0.863, -0.863)
CARMENES-NIR_jitter = 6.913 (+3.011, -3.062)
ESPRESSO_jitter = 1.320 (+0.472, -0.404)
HIRES_jitter = 0.806 (+0.680, -0.437)
iSHELL_jitter = 6.122 (+3.377, -2.852)
PFS_jitter = 2.188 (+1.327, -0.962)
Sector_5_timescale = 0.228 (+0.388, -0.134)
Sector_32_timescale = 0.156 (+0.136, -0.063)
m_pl_precision = 3.6204 %
r_pl_precision = 4.3325 %
P_precision = 0.0001 %
t0_precision = 0.2785 %
