log_t0 = -2.028374 (+0.002743, -0.002744)
log_P = 1.399219 (+0.000001, -0.000001)
log_K_0 = 2.852506 (+0.027363, -0.028188)
log_ror = -2.618144 (+0.022165, -0.020028)
lc_mean = 0.001227 (+0.016860, -0.016353)
logs = -2.129018 (+0.340996, -0.450691)
means_0 = -2.280154 (+0.889592, -0.935935)
means_1 = -1.176953 (+2.510859, -2.379804)
means_2 = 13.283942 (+1.620383, -1.820590)
means_3 = 2.110936 (+0.876977, -0.873323)
means_4 = 4.790823 (+2.756882, -2.837426)
means_5 = -7.290771 (+1.839638, -1.573292)
means_6 = 5.050004 (+2.246719, -2.292276)
means_7 = 11.420925 (+2.685743, -2.919125)
log_sigmas_0 = 0.857599 (+0.325992, -0.446166)
log_sigmas_1 = 1.878366 (+0.437674, -0.654603)
log_sigmas_2 = 0.020672 (+0.332020, -0.433708)
log_sigmas_3 = -0.298003 (+0.617847, -0.718041)
log_sigmas_4 = 1.678711 (+0.509496, -0.712033)
log_sigmas_5 = 0.943519 (+0.469090, -0.562023)
log_sigmas_6 = 2.054871 (+0.272348, -0.309562)
log_sigmas_7 = 2.503706 (+0.195004, -0.184527)
q1 = 0.485120 (+0.277546, -0.186731)
q2 = 0.343104 (+0.373964, -0.236819)
mstar = 0.542000 (+0.001003, -0.001007)
rstar = 0.536051 (+0.001030, -0.001020)
b = 0.728567 (+0.021268, -0.024100)
e = 0.037044 (+0.022650, -0.020820)
w = -2.155246 (+0.455643, -0.423193)
sigma_gp = 5.092862 (+1.565662, -1.041519)
gp_period = 30.753777 (+1.847051, -2.459846)
log_Q0 = 1.816829 (+0.832430, -0.551283)
log_dQ = 4.116248 (+4.000056, -4.563787)
f = 5.940514 (+2.763774, -3.141732)
u_star_0 = 0.481110 (+0.358323, -0.315694)
u_star_1 = 0.220425 (+0.404926, -0.469797)
t0 = 0.131549 (+0.000361, -0.000360)
P = 4.052032 (+0.000003, -0.000003)
K_0 = 17.331167 (+0.480785, -0.481710)
ror = 0.072938 (+0.001635, -0.001446)
r_pl = 4.264928 (+0.096822, -0.084988)
m_pl_0 = 28.698255 (+0.784215, -0.791948)
density_pl_0 = 2.028846 (+0.140248, -0.137182)
a_0 = 0.040558 (+0.000025, -0.000025)
teq_0 = 722.846261 (+0.724838, -0.721903)
CARMENES-VIS_jitter = 2.357 (+0.769, -1.052)
CARMENES-NIR_jitter = 6.543 (+2.864, -4.283)
ESPRESSO_jitter = 1.021 (+0.339, -0.443)
HIRES_jitter = 0.742 (+0.459, -0.533)
iSHELL_jitter = 5.359 (+2.730, -3.816)
PFS_jitter = 2.569 (+1.205, -1.444)
SPIROU-1_jitter = 7.806 (+2.126, -2.416)
SPIROU-2_jitter = 12.228 (+2.384, -2.256)
m_pl_0_precision = 2.7596 %
r_pl_precision = 2.2702 %
P_precision = 0.0001 %
t0_precision = 0.2747 %
