K = 18.556598 (+1.014257, -1.057990)
P = 4.052032 (+0.000003, -0.000003)
Sector_32::lc_mean = 0.127987 (+0.173757, -0.165515)
Sector_32::log_rho_gp = 0.206026 (+0.776999, -0.574899)
Sector_32::log_sigma_gp = -0.454594 (+0.184037, -0.173958)
Sector_32::log_sigma_lc = -0.022268 (+0.019077, -0.019413)
Sector_5::lc_mean = 0.023682 (+0.031655, -0.034834)
Sector_5::log_rho_gp = -0.502464 (+10.242091, -6.773056)
Sector_5::log_sigma_gp = -4.571775 (+2.796433, -8.040702)
Sector_5::log_sigma_lc = -0.018055 (+0.019191, -0.018919)
__b_impact_parameter = 0.705109 (+0.026731, -0.035522)
__k_unit_disk = 0.114174 (+0.131349, -0.169816)
__u_star_q1 = 0.478356 (+0.279473, -0.185737)
__u_star_q2 = 0.335775 (+0.363641, -0.234644)
a = 0.041774 (+0.000477, -0.000476)
b = 0.757548 (+0.029052, -0.038665)
density_pl = 1.488314 (+0.222072, -0.194790)
e = 0.058281 (+0.035305, -0.032414)
h = -0.166589 (+0.100469, -0.070105)
k = 0.112449 (+0.130495, -0.167264)
logP = 1.399218 (+0.000001, -0.000001)
log_ror = -2.604427 (+0.025107, -0.024083)
log_sigmas_rv_0 = 1.052066 (+0.666201, -0.865723)
log_sigmas_rv_1 = 0.391090 (+0.681298, -0.808884)
log_sigmas_rv_2 = 1.505022 (+0.638023, -0.777363)
log_sigmas_rv_3 = 1.587401 (+0.219858, -0.226255)
log_sigmas_rv_4 = 0.182900 (+0.743716, -0.916991)
log_sigmas_rv_5 = 1.242732 (+0.700208, -0.807622)
log_sigmas_rv_6 = 0.149423 (+0.800432, -0.888523)
m_pl = 32.559561 (+1.954436, -2.069986)
means_0 = 3.571824 (+2.478966, -2.508571)
means_1 = -3.420547 (+1.170558, -1.241788)
means_2 = -0.890298 (+3.694845, -3.656198)
means_3 = 17.823985 (+1.321955, -1.308597)
means_4 = 0.661398 (+1.294625, -1.308929)
means_5 = 4.707075 (+3.451495, -3.591020)
means_6 = -9.672031 (+1.882975, -1.866599)
mstar = 0.592250 (+0.020527, -0.020010)
r_pl = 4.937964 (+0.204452, -0.214538)
ror = 0.073946 (+0.001880, -0.001760)
rstar = 0.610800 (+0.017554, -0.017391)
t0 = 0.131493 (+0.000381, -0.000384)
teq = 728.659355 (+10.605109, -11.428268)
u_star_0 = 0.462099 (+0.367487, -0.308271)
u_star_1 = 0.226606 (+0.398251, -0.454677)
w = 2.141958 (+0.615583, -4.591950)
SPIROU_jitter = 2.864 (+1.908, -2.479)
CARMENES-VIS_jitter = 1.479 (+1.007, -1.196)
CARMENES-NIR_jitter = 4.504 (+2.874, -3.501)
ESPRESSO_jitter = 4.891 (+1.075, -1.107)
HIRES_jitter = 1.201 (+0.893, -1.101)
iSHELL_jitter = 3.465 (+2.426, -2.798)
PFS_jitter = 1.161 (+0.929, -1.032)
Sector_5_timescale = 0.136 (+1.395, -0.922)
Sector_32_timescale = 0.277 (+0.215, -0.159)
