K = 17.708916 (+0.722867, -0.651951)
K_2 = 6.752694 (+0.441732, -0.430306)
P = 4.050792 (+0.000198, -0.000201)
P_2 = 16.010005 (+0.028219, -0.037152)
Sector_32::lc_mean = 0.089078 (+0.172354, -0.173059)
Sector_32::rho_gp = 0.138544 (+0.010065, -0.008512)
Sector_32::sigma_gp = 1.695715 (+0.114875, -0.102402)
Sector_32::sigma_lc = 0.971895 (+0.017635, -0.017358)
Sector_5::lc_mean = 0.015179 (+0.035464, -0.037403)
Sector_5::rho_gp = 0.314646 (+0.355409, -0.224358)
Sector_5::sigma_gp = 0.179672 (+0.059886, -0.049843)
Sector_5::sigma_lc = 0.980500 (+0.017862, -0.019924)
__b_impact_parameter = 0.694509 (+0.027641, -0.030344)
__k_2_unit_disk = -0.555791 (+0.099568, -0.077216)
__k_unit_disk = -0.059132 (+0.129420, -0.107068)
__u_star_q1 = 0.719994 (+0.191967, -0.213756)
__u_star_q2 = 0.505831 (+0.266101, -0.284911)
a = 0.041771 (+0.000455, -0.000467)
a_2 = 0.104406 (+0.001114, -0.001196)
b = 0.744858 (+0.030217, -0.033590)
density_pl = 1.522135 (+0.247535, -0.229824)
e = 0.035736 (+0.019154, -0.019236)
e_2 = 0.343159 (+0.084545, -0.093599)
h = 0.138480 (+0.061045, -0.076912)
h_2 = 0.128240 (+0.173016, -0.188701)
k = -0.058048 (+0.126946, -0.106688)
k_2 = -0.545285 (+0.107034, -0.077812)
m_pl = 31.196873 (+1.328219, -1.455445)
m_pl_2 = 18.732502 (+1.359796, -1.230476)
means_0 = 5.254170 (+2.453058, -2.691298)
means_1 = -2.105241 (+1.453375, -1.370299)
means_2 = -0.700661 (+2.545114, -2.476926)
means_3 = 18.181034 (+0.845656, -0.916488)
means_4 = 3.395889 (+1.233826, -1.291048)
means_5 = 7.059032 (+3.266958, -3.217354)
means_6 = -6.975272 (+1.251849, -1.102890)
mstar = 0.592475 (+0.019597, -0.019602)
r_pl = 4.828175 (+0.251178, -0.227935)
ror = 0.072312 (+0.002455, -0.002058)
rstar = 0.611836 (+0.016965, -0.017775)
sigmas_0 = 9.621384 (+2.489746, -1.776758)
sigmas_1 = 3.533099 (+0.848108, -0.797878)
sigmas_2 = 6.674282 (+3.437937, -3.257382)
sigmas_3 = 1.003279 (+0.453447, -0.374682)
sigmas_4 = 2.677514 (+1.080817, -0.846640)
sigmas_5 = 6.111977 (+3.372898, -2.742564)
sigmas_6 = 1.665933 (+1.216500, -0.892874)
t0 = 0.135049 (+0.000779, -0.000772)
t0_2 = 94.359487 (+1.099514, -0.987215)
teq = 728.751933 (+11.496243, -11.164473)
teq_2 = 460.902762 (+7.298890, -6.964483)
trend_0 = -0.000042 (+0.000094, -0.000100)
trend_1 = -0.015216 (+0.007963, -0.007986)
u_star_0 = 0.844496 (+0.379459, -0.466609)
u_star_1 = -0.009721 (+0.483841, -0.409633)
w = -0.379229 (+0.819062, -0.715699)
w_2 = -1.341195 (+0.332671, -0.340446)
SPIROU_jitter = 9.621 (+2.490, -1.777)
CARMENES-VIS_jitter = 3.533 (+0.848, -0.798)
CARMENES-NIR_jitter = 6.674 (+3.438, -3.257)
ESPRESSO_jitter = 1.003 (+0.453, -0.375)
HIRES_jitter = 2.678 (+1.081, -0.847)
iSHELL_jitter = 6.112 (+3.373, -2.743)
PFS_jitter = 1.666 (+1.216, -0.893)
Sector_5_timescale = 0.071 (+0.080, -0.050)
Sector_32_timescale = 0.031 (+0.002, -0.002)
m_pl_precision = 4.6654 %
r_pl_precision = 5.2023 %
P_precision = 0.0050 %
t0_precision = 0.5769 %
