K = 17.015038 (+0.581081, -0.598767)
K_2 = 5.689462 (+0.961701, -1.011305)
P = 4.052032 (+0.000003, -0.000003)
P_2 = 15.997822 (+0.033594, -0.030826)
Sector_32::lc_mean = 0.119406 (+0.168950, -0.158323)
Sector_32::rho_gp = 1.122393 (+1.218280, -0.437348)
Sector_32::sigma_gp = 0.657038 (+0.133292, -0.106273)
Sector_32::sigma_lc = 0.976925 (+0.019086, -0.018106)
Sector_5::lc_mean = 0.023173 (+0.041687, -0.038152)
Sector_5::rho_gp = 0.472622 (+0.362665, -0.175216)
Sector_5::sigma_gp = 0.162133 (+0.043917, -0.037886)
Sector_5::sigma_lc = 0.974760 (+0.019144, -0.017911)
__b_impact_parameter = 0.720480 (+0.021981, -0.023716)
__k_2_unit_disk = -0.306855 (+0.364742, -0.212819)
__k_unit_disk = -0.006917 (+0.116035, -0.112199)
__u_star_q1 = 0.415380 (+0.289605, -0.154858)
__u_star_q2 = 0.349888 (+0.366677, -0.250731)
a = 0.041802 (+0.000478, -0.000500)
a_2 = 0.104405 (+0.001201, -0.001229)
b = 0.774201 (+0.024042, -0.026359)
density_pl = 1.353500 (+0.198835, -0.170249)
e = 0.028509 (+0.017338, -0.016637)
e_2 = 0.163234 (+0.154536, -0.115730)
h = -0.126328 (+0.084494, -0.053227)
h_2 = 0.036355 (+0.229942, -0.240180)
k = -0.006895 (+0.115037, -0.111010)
k_2 = -0.295822 (+0.352288, -0.207345)
m_pl = 29.890397 (+1.346888, -1.280363)
m_pl_2 = 15.870983 (+2.648903, -2.848806)
means_0 = 6.258091 (+3.361337, -3.542088)
means_1 = -2.638874 (+2.348729, -2.457297)
means_2 = -1.321351 (+3.320687, -3.705642)
means_3 = 17.930278 (+2.389491, -2.684433)
means_4 = 3.075046 (+1.799277, -2.182340)
means_5 = 7.866627 (+5.155306, -5.756633)
means_6 = -7.429895 (+2.227716, -2.333380)
mstar = 0.593449 (+0.020586, -0.021026)
r_pl = 4.951837 (+0.215062, -0.206986)
rho_gp_rv = 8.566344 (+9.293421, -4.044013)
ror = 0.074416 (+0.001925, -0.001560)
rstar = 0.609460 (+0.016620, -0.017631)
sigma_gp_rv = 3.127036 (+1.219926, -0.855908)
sigmas_0 = 8.434703 (+2.569888, -2.035092)
sigmas_1 = 1.959546 (+1.092209, -1.016119)
sigmas_2 = 6.991605 (+3.752967, -3.356927)
sigmas_3 = 0.613319 (+0.364043, -0.298089)
sigmas_4 = 0.779013 (+0.635941, -0.399893)
sigmas_5 = 5.968754 (+3.458044, -2.722731)
sigmas_6 = 1.979301 (+1.567410, -1.131515)
t0 = 0.131500 (+0.000392, -0.000367)
t0_2 = 94.887184 (+0.919868, -0.859864)
teq = 727.384368 (+10.646376, -11.308143)
teq_2 = 460.267510 (+6.682499, -7.206215)
trend_0 = 0.000024 (+0.000204, -0.000168)
trend_1 = -0.012598 (+0.015271, -0.012635)
u_star_0 = 0.446522 (+0.359564, -0.303713)
u_star_1 = 0.192504 (+0.405369, -0.426441)
w = -1.020866 (+3.748637, -1.725288)
w_2 = -1.269844 (+1.779149, -0.773294)
SPIROU_jitter = 8.435 (+2.570, -2.035)
CARMENES-VIS_jitter = 1.960 (+1.092, -1.016)
CARMENES-NIR_jitter = 6.992 (+3.753, -3.357)
ESPRESSO_jitter = 0.613 (+0.364, -0.298)
HIRES_jitter = 0.779 (+0.636, -0.400)
iSHELL_jitter = 5.969 (+3.458, -2.723)
PFS_jitter = 1.979 (+1.567, -1.132)
Sector_5_timescale = 0.106 (+0.082, -0.039)
Sector_32_timescale = 0.253 (+0.274, -0.098)
m_pl_precision = 4.5061 %
r_pl_precision = 4.3431 %
P_precision = 0.0001 %
t0_precision = 0.2982 %
