log_t0 = -2.028400 (+0.002716, -0.002751)
log_P = 1.399219 (+0.000001, -0.000001)
log_K_0 = 2.891888 (+0.037318, -0.037556)
log_ror = -2.626242 (+0.022852, -0.019412)
lc_mean = 0.001189 (+0.017333, -0.017064)
logs = -2.135768 (+0.350932, -0.451319)
means_0 = -2.891248 (+0.880538, -0.894856)
means_1 = -2.051226 (+2.414239, -2.339839)
means_2 = 16.567700 (+0.583113, -0.569783)
means_3 = 2.246884 (+0.834496, -0.898600)
means_4 = 4.772277 (+2.539077, -2.567995)
means_5 = -7.364124 (+1.300271, -1.052127)
means_6 = 4.380272 (+2.323193, -2.391902)
means_7 = 11.972183 (+2.651180, -2.811507)
log_sigmas_0 = 1.358890 (+0.201149, -0.225592)
log_sigmas_1 = 1.868368 (+0.422405, -0.626574)
log_sigmas_2 = -0.128870 (+0.368361, -0.508500)
log_sigmas_3 = 0.961222 (+0.306512, -0.363814)
log_sigmas_4 = 1.700693 (+0.477952, -0.619821)
log_sigmas_5 = 0.595666 (+0.539710, -0.719835)
log_sigmas_6 = 2.167058 (+0.250793, -0.237778)
log_sigmas_7 = 2.585431 (+0.182477, -0.173433)
q1 = 0.535740 (+0.270967, -0.210389)
q2 = 0.322721 (+0.358998, -0.216337)
mstar = 0.542001 (+0.000980, -0.001023)
rstar = 0.536037 (+0.000982, -0.000970)
b = 0.711134 (+0.021563, -0.024633)
e = 0.031925 (+0.016416, -0.015975)
w = -2.295831 (+4.989864, -0.586542)
e_2 = 0.340532 (+0.084375, -0.083558)
w_2 = -1.040552 (+0.318052, -0.328558)
P_2 = 16.079143 (+0.091598, -0.040588)
tperi_2 = 617.668543 (+1.418234, -1.269251)
K_2 = 6.843694 (+0.469666, -0.449434)
u_star_0 = 0.477215 (+0.352141, -0.307175)
u_star_1 = 0.261204 (+0.390990, -0.475419)
t0 = 0.131546 (+0.000358, -0.000361)
P = 4.052032 (+0.000003, -0.000003)
K_0 = 18.027321 (+0.685459, -0.664479)
ror = 0.072350 (+0.001672, -0.001391)
r_pl = 4.230762 (+0.097488, -0.082173)
m_pl_0 = 29.852896 (+1.139556, -1.093909)
density_pl_0 = 2.164602 (+0.155920, -0.157892)
a_0 = 0.040558 (+0.000024, -0.000026)
teq_0 = 722.835810 (+0.697719, -0.702202)
m_pl_2 = 17.956592 (+1.235259, -1.175401)
a_2 = 0.101658 (+0.000369, -0.000199)
teq_2 = 456.509816 (+0.790062, -0.796810)
CARMENES-VIS_jitter = 3.892 (+0.783, -0.878)
CARMENES-NIR_jitter = 6.478 (+2.736, -4.059)
ESPRESSO_jitter = 0.879 (+0.324, -0.447)
HIRES_jitter = 2.615 (+0.801, -0.951)
iSHELL_jitter = 5.478 (+2.618, -3.395)
PFS_jitter = 1.814 (+0.979, -1.306)
SPIROU-1_jitter = 8.733 (+2.190, -2.076)
SPIROU-2_jitter = 13.269 (+2.421, -2.301)
m_pl_0_precision = 3.8172 %
r_pl_precision = 2.3043 %
P_precision = 0.0001 %
t0_precision = 0.2748 %
