K = 16.679456 (+0.544373, -0.562477)
K_2 = 7.354502 (+0.604565, -0.647699)
P = 4.052428 (+0.000007, -0.000007)
P_2 = 16.013164 (+0.025576, -0.035205)
Sector_32::lc_mean = 0.098947 (+0.162231, -0.191422)
Sector_32::rho_gp = 0.144050 (+0.009576, -0.008861)
Sector_32::sigma_gp = 1.698102 (+0.116340, -0.107929)
Sector_32::sigma_lc = 0.969868 (+0.018365, -0.018267)
Sector_5::lc_mean = 0.015167 (+0.041764, -0.039436)
Sector_5::rho_gp = 0.443104 (+0.300077, -0.170007)
Sector_5::sigma_gp = 0.170324 (+0.048440, -0.040607)
Sector_5::sigma_lc = 0.983172 (+0.018674, -0.017006)
__b_impact_parameter = 0.669994 (+0.036806, -0.042588)
__k_unit_disk = 0.009166 (+0.119356, -0.117016)
__u_star_q1 = 0.850681 (+0.109039, -0.166481)
__u_star_q2 = 0.715094 (+0.166737, -0.205730)
a = 0.041792 (+0.000458, -0.000507)
a_2 = 0.104458 (+0.001169, -0.001281)
b = 0.719187 (+0.040232, -0.047071)
density_pl = 1.386758 (+0.276863, -0.234465)
e = 0.043066 (+0.016078, -0.015045)
h = -0.179215 (+0.051422, -0.035600)
k = 0.009066 (+0.117937, -0.115138)
m_pl = 29.291162 (+1.165003, -1.183032)
m_pl_2 = 20.460009 (+1.763606, -1.815723)
means_0 = 6.508160 (+2.501357, -2.717468)
means_1 = -0.382286 (+1.186014, -1.310566)
means_2 = 0.666965 (+2.438293, -2.515435)
means_3 = 17.893972 (+0.801954, -0.818532)
means_4 = 3.820060 (+0.833933, -0.938935)
means_5 = 10.188279 (+3.057781, -3.254544)
means_6 = -5.716785 (+1.452470, -1.384826)
mstar = 0.592900 (+0.019705, -0.021331)
r_pl = 4.881276 (+0.292593, -0.288253)
ror = 0.073201 (+0.002910, -0.002648)
rstar = 0.610397 (+0.019261, -0.018074)
sigmas_0 = 10.015389 (+2.484873, -1.868304)
sigmas_1 = 3.463885 (+0.902161, -0.726995)
sigmas_2 = 6.279404 (+3.626484, -2.964296)
sigmas_3 = 1.742348 (+0.506558, -0.409640)
sigmas_4 = 1.061065 (+0.799293, -0.590803)
sigmas_5 = 6.652931 (+3.848385, -2.934763)
sigmas_6 = 2.629246 (+1.405680, -1.031988)
t0 = 0.130412 (+0.000445, -0.000444)
t0_2 = 94.641214 (+0.501431, -0.378819)
teq = 728.115281 (+11.822586, -11.611821)
teq_2 = 460.542310 (+7.641053, -7.310304)
trend_0 = -0.000175 (+0.000087, -0.000080)
trend_1 = -0.023894 (+0.007436, -0.006530)
u_star_0 = 1.284924 (+0.253026, -0.347862)
u_star_1 = -0.389996 (+0.373200, -0.267235)
w = 2.031162 (+0.853843, -4.910890)
SPIROU_jitter = 10.015 (+2.485, -1.868)
CARMENES-VIS_jitter = 3.464 (+0.902, -0.727)
CARMENES-NIR_jitter = 6.279 (+3.626, -2.964)
ESPRESSO_jitter = 1.742 (+0.507, -0.410)
HIRES_jitter = 1.061 (+0.799, -0.591)
iSHELL_jitter = 6.653 (+3.848, -2.935)
PFS_jitter = 2.629 (+1.406, -1.032)
Sector_5_timescale = 0.100 (+0.068, -0.038)
Sector_32_timescale = 0.032 (+0.002, -0.002)
m_pl_precision = 4.0389 %
r_pl_precision = 5.9942 %
P_precision = 0.0002 %
t0_precision = 0.3416 %
