log_t0 = -2.028358 (+0.002743, -0.002720)
log_P = 1.399219 (+0.000001, -0.000001)
log_K_0 = 2.849641 (+0.027287, -0.028161)
log_ror = -2.619799 (+0.022989, -0.020706)
lc_mean = 0.001318 (+0.017182, -0.017055)
logs = -2.148680 (+0.372487, -0.469539)
means_0 = -2.194602 (+0.960381, -0.971350)
means_1 = -1.075045 (+2.440361, -2.389271)
means_2 = 12.738092 (+1.638838, -1.821965)
means_3 = 2.218807 (+0.920378, -0.893705)
means_4 = 4.771051 (+2.745159, -2.805893)
means_5 = -7.070666 (+1.840088, -1.629746)
means_6 = 5.304263 (+2.317275, -2.347053)
means_7 = 11.007039 (+2.996166, -3.198406)
log_sigmas_0 = 0.917852 (+0.304540, -0.398911)
log_sigmas_1 = 1.863683 (+0.438312, -0.676170)
log_sigmas_2 = 0.040006 (+0.343793, -0.428149)
log_sigmas_3 = -0.307077 (+0.610868, -0.701742)
log_sigmas_4 = 1.705854 (+0.477037, -0.669516)
log_sigmas_5 = 0.956529 (+0.471829, -0.543139)
log_sigmas_6 = 2.054255 (+0.286203, -0.310264)
log_sigmas_7 = 2.484965 (+0.196922, -0.207649)
q1 = 0.494500 (+0.282969, -0.188983)
q2 = 0.332756 (+0.374445, -0.229818)
mstar = 0.541969 (+0.000975, -0.000959)
rstar = 0.536028 (+0.000989, -0.000996)
b = 0.725065 (+0.023370, -0.024486)
e = 0.031334 (+0.024630, -0.019776)
w = -2.107857 (+2.720821, -0.432132)
sigma_gp = 6.645234 (+2.367779, -1.441799)
gp_period = 30.921736 (+1.637386, -2.443396)
log_Q0 = 1.819992 (+0.876720, -0.559837)
log_dQ = 5.655054 (+2.957862, -5.106250)
f = 0.692155 (+0.216144, -0.295153)
u_star_0 = 0.480716 (+0.355241, -0.317991)
u_star_1 = 0.235460 (+0.404452, -0.472067)
t0 = 0.131551 (+0.000361, -0.000357)
P = 4.052032 (+0.000003, -0.000003)
K_0 = 17.281583 (+0.478064, -0.479885)
ror = 0.072817 (+0.001693, -0.001492)
r_pl = 4.256614 (+0.100696, -0.087153)
m_pl_0 = 28.618167 (+0.780530, -0.792856)
density_pl_0 = 2.036436 (+0.142933, -0.147002)
a_0 = 0.040557 (+0.000024, -0.000024)
teq_0 = 722.822424 (+0.723610, -0.698251)
CARMENES-VIS_jitter = 2.504 (+0.763, -0.999)
CARMENES-NIR_jitter = 6.447 (+2.826, -4.360)
ESPRESSO_jitter = 1.041 (+0.358, -0.446)
HIRES_jitter = 0.736 (+0.449, -0.516)
iSHELL_jitter = 5.506 (+2.627, -3.686)
PFS_jitter = 2.603 (+1.228, -1.414)
SPIROU-1_jitter = 7.801 (+2.233, -2.420)
SPIROU-2_jitter = 12.001 (+2.363, -2.492)
m_pl_0_precision = 2.7705 %
r_pl_precision = 2.3656 %
P_precision = 0.0001 %
t0_precision = 0.2746 %
