K = 18.675681 (+0.846393, -0.925105)
P = 4.051515 (+0.000518, -0.000531)
Sector_32::lc_mean = 0.101359 (+0.169233, -0.167030)
Sector_32::rho_gp = 0.302463 (+1.281082, -0.168036)
Sector_32::sigma_gp = 1.348691 (+0.403695, -0.743396)
Sector_32::sigma_lc = 0.973088 (+0.019328, -0.019419)
Sector_5::lc_mean = 0.018563 (+0.042024, -0.038855)
Sector_5::rho_gp = 0.441955 (+0.293469, -0.201579)
Sector_5::sigma_gp = 0.167948 (+0.046831, -0.039193)
Sector_5::sigma_lc = 0.976744 (+0.018481, -0.017890)
__b_impact_parameter = 0.692747 (+0.031214, -0.038035)
__k_unit_disk = 0.114367 (+0.129376, -0.170512)
__u_star_q1 = 0.573184 (+0.274435, -0.226579)
__u_star_q2 = 0.368466 (+0.332904, -0.247283)
a = 0.041780 (+0.000477, -0.000472)
b = 0.743090 (+0.035104, -0.041715)
density_pl = 1.583180 (+0.279421, -0.230717)
e = 0.041748 (+0.038142, -0.028638)
h = -0.068960 (+0.133259, -0.117831)
k = 0.113629 (+0.128078, -0.169501)
m_pl = 32.733454 (+1.759969, -1.656338)
means_0 = 3.601350 (+2.193230, -2.152594)
means_1 = -2.984754 (+1.015832, -1.088973)
means_2 = -1.759439 (+2.461274, -2.362752)
means_3 = 17.900783 (+1.306502, -1.374109)
means_4 = 0.414022 (+1.236940, -1.187752)
means_5 = 5.550893 (+2.633518, -2.399573)
means_6 = -9.826613 (+1.189540, -1.185785)
mstar = 0.592619 (+0.020472, -0.019994)
r_pl = 4.836043 (+0.257477, -0.230369)
ror = 0.072642 (+0.002466, -0.002420)
rstar = 0.611082 (+0.017608, -0.017691)
sigmas_0 = 8.730506 (+2.424017, -1.740191)
sigmas_1 = 5.505836 (+1.004541, -0.840163)
sigmas_2 = 6.607926 (+3.576494, -3.124526)
sigmas_3 = 5.715393 (+1.057508, -0.860103)
sigmas_4 = 4.145505 (+1.123265, -0.769067)
sigmas_5 = 5.938402 (+3.339091, -2.671263)
sigmas_6 = 1.867755 (+1.594601, -1.053578)
t0 = 0.132752 (+0.001929, -0.001473)
teq = 728.357675 (+11.708475, -11.600112)
u_star_0 = 0.553818 (+0.386061, -0.359711)
u_star_1 = 0.198195 (+0.406149, -0.463051)
w = 1.620733 (+0.876215, -3.319303)
SPIROU_jitter = 8.731 (+2.424, -1.740)
CARMENES-VIS_jitter = 5.506 (+1.005, -0.840)
CARMENES-NIR_jitter = 6.608 (+3.576, -3.125)
ESPRESSO_jitter = 5.715 (+1.058, -0.860)
HIRES_jitter = 4.146 (+1.123, -0.769)
iSHELL_jitter = 5.938 (+3.339, -2.671)
PFS_jitter = 1.868 (+1.595, -1.054)
Sector_5_timescale = 0.099 (+0.066, -0.045)
Sector_32_timescale = 0.068 (+0.288, -0.038)
m_pl_precision = 5.3767 %
r_pl_precision = 5.3241 %
P_precision = 0.0131 %
t0_precision = 1.4529 %
