K = 17.728983 (+0.749482, -0.658524)
K_2 = 6.878214 (+0.494565, -0.429334)
P = 4.052222 (+0.000210, -0.000191)
P_2 = 16.017131 (+0.024034, -0.035806)
Sector_32::lc_mean = 0.111682 (+0.166927, -0.167409)
Sector_32::rho_gp = 0.280648 (+1.456978, -0.141212)
Sector_32::sigma_gp = 1.367917 (+0.380502, -0.775304)
Sector_32::sigma_lc = 0.974642 (+0.017776, -0.019158)
Sector_5::lc_mean = 0.019806 (+0.038900, -0.039046)
Sector_5::rho_gp = 0.462803 (+0.305811, -0.164647)
Sector_5::sigma_gp = 0.166334 (+0.042792, -0.041268)
Sector_5::sigma_lc = 0.978618 (+0.019674, -0.017625)
__b_impact_parameter = 0.698107 (+0.033791, -0.048436)
__k_2_unit_disk = -0.489036 (+0.105198, -0.086416)
__k_unit_disk = 0.023263 (+0.111025, -0.111153)
__u_star_q1 = 0.687501 (+0.229311, -0.369889)
__u_star_q2 = 0.600285 (+0.247204, -0.389924)
a = 0.041769 (+0.000489, -0.000478)
a_2 = 0.104407 (+0.001192, -0.001224)
b = 0.749835 (+0.037195, -0.053334)
density_pl = 1.435864 (+0.246108, -0.201898)
e = 0.037253 (+0.016977, -0.019020)
e_2 = 0.316577 (+0.086297, -0.078421)
h = -0.157720 (+0.079565, -0.052415)
h_2 = 0.267492 (+0.178275, -0.188955)
k = 0.022912 (+0.110267, -0.109441)
k_2 = -0.468035 (+0.113994, -0.091407)
m_pl = 31.168448 (+1.471972, -1.391039)
m_pl_2 = 19.127470 (+1.416945, -1.288082)
means_0 = 4.182681 (+2.456342, -2.258540)
means_1 = -2.582010 (+0.825916, -0.783214)
means_2 = -1.932070 (+2.420150, -2.251779)
means_3 = 16.456449 (+0.590088, -0.556089)
means_4 = 2.026920 (+0.921932, -1.008209)
means_5 = 5.185760 (+2.338627, -2.358968)
means_6 = -7.659886 (+1.290304, -1.110288)
mstar = 0.591971 (+0.021067, -0.020086)
r_pl = 4.928054 (+0.232327, -0.254810)
ror = 0.073913 (+0.002217, -0.002209)
rstar = 0.610520 (+0.017264, -0.018029)
sigmas_0 = 9.384998 (+2.458161, -1.827177)
sigmas_1 = 3.679477 (+0.844691, -0.700826)
sigmas_2 = 6.267307 (+3.282322, -2.914917)
sigmas_3 = 0.838587 (+0.410495, -0.344808)
sigmas_4 = 2.907280 (+0.918331, -0.752818)
sigmas_5 = 5.819345 (+3.167166, -2.697300)
sigmas_6 = 1.977506 (+1.230852, -0.947904)
t0 = 0.130962 (+0.000761, -0.000787)
t0_2 = 93.574550 (+0.988572, -0.986702)
teq = 728.360230 (+10.748650, -11.824863)
teq_2 = 460.651203 (+6.856513, -7.509479)
u_star_0 = 0.889558 (+0.529701, -0.602469)
u_star_1 = -0.149372 (+0.559822, -0.389138)
w = 1.966683 (+0.911731, -4.805009)
w_2 = -1.050012 (+0.349401, -0.368916)
SPIROU_jitter = 9.385 (+2.458, -1.827)
CARMENES-VIS_jitter = 3.679 (+0.845, -0.701)
CARMENES-NIR_jitter = 6.267 (+3.282, -2.915)
ESPRESSO_jitter = 0.839 (+0.410, -0.345)
HIRES_jitter = 2.907 (+0.918, -0.753)
iSHELL_jitter = 5.819 (+3.167, -2.697)
PFS_jitter = 1.978 (+1.231, -0.948)
Sector_5_timescale = 0.104 (+0.069, -0.037)
Sector_32_timescale = 0.063 (+0.328, -0.032)
m_pl_precision = 4.7226 %
r_pl_precision = 5.1706 %
P_precision = 0.0052 %
t0_precision = 0.6006 %
