elpd_loo = -294.105142
p_loo = 6.842371
loo_se = 8.038801
elpd_waic = -293.959485
p_waic = 6.696713
waic_se = 8.025794
