elpd_loo = -292.863778
p_loo = 6.137080
loo_se = 0.000000
elpd_waic = -291.771025
p_waic = 5.044328
waic_se = 0.000000
