elpd_loo = -327.883630
p_loo = 4.428442
loo_se = 7.265836
elpd_waic = -327.848748
p_waic = 4.393560
waic_se = 7.262140
rms = 4.787505
