elpd_loo = -302.587441
loo_se = 7.748106
rms = 3.807827
