elpd_loo = -298.967369
p_loo = 5.192524
loo_se = 7.650664
elpd_waic = -298.909493
p_waic = 5.134648
waic_se = 7.645167
