elpd_loo = -287.728331
p_loo = 7.087528
loo_se = 0.000000
elpd_waic = -286.783162
p_waic = 6.142359
waic_se = 0.000000
