elpd_loo = -307.494274
loo_se = 8.296481
rms = 3.597095
