elpd_loo = -307.986621
loo_se = 8.306868
rms = 3.627714
