elpd_loo = -305.878735
loo_se = 7.654429
rms = 3.904590
