elpd_loo = -291.318660
p_loo = 3.898119
loo_se = 0.000000
elpd_waic = -290.786952
p_waic = 3.366411
waic_se = 0.000000
