elpd_loo = -295.653687
p_loo = 6.382243
loo_se = 0.000000
elpd_waic = -294.462579
p_waic = 5.191136
waic_se = 0.000000
