elpd_loo = -291.483946
p_loo = 4.247759
loo_se = 0.000000
elpd_waic = -290.446824
p_waic = 3.210637
waic_se = 0.000000
