K = 18.524432 (+1.044960, -0.961737)
P = 4.052032 (+0.000003, -0.000003)
Sector_32::lc_mean = 0.129532 (+0.181132, -0.159954)
Sector_32::log_rho_gp = 0.346613 (+0.702732, -0.700409)
Sector_32::log_sigma_gp = -0.454973 (+0.194314, -0.176435)
Sector_32::log_sigma_lc = -0.021621 (+0.019728, -0.019114)
Sector_5::lc_mean = 0.022586 (+0.032351, -0.028658)
Sector_5::log_rho_gp = -0.566434 (+10.982052, -7.005480)
Sector_5::log_sigma_gp = -4.732172 (+2.885796, -7.651501)
Sector_5::log_sigma_lc = -0.017571 (+0.018888, -0.018755)
__b_impact_parameter = 0.704093 (+0.029252, -0.036497)
__k_unit_disk = 0.125707 (+0.122097, -0.176547)
__u_star_q1 = 0.476843 (+0.283902, -0.194946)
__u_star_q2 = 0.319590 (+0.374514, -0.222959)
a = 0.041774 (+0.000464, -0.000471)
b = 0.756207 (+0.032577, -0.039935)
density_pl = 1.493478 (+0.239575, -0.207285)
e = 0.059815 (+0.033529, -0.031215)
h = -0.166421 (+0.104655, -0.072118)
k = 0.124356 (+0.120192, -0.173822)
logP = 1.399218 ± 0.000001
log_ror = -2.606720 (+0.027249, -0.024040)
m_pl = 32.504336 (+1.955229, -1.866387)
mstar = 0.592224 (+0.019961, -0.019825)
r_pl = 4.926750 (+0.217801, -0.215578)
ror = 0.073776 (+0.002038, -0.001752)
rstar = 0.611411 (+0.017029, -0.017153)
t0 = 0.131499 (+0.000383, -0.000380)
teq = 728.795281 (+10.702499, -11.074092)
trend_0 = 0.000013 (+0.000122, -0.000128)
trend_1 = -0.001409 (+0.010780, -0.010957)
trend_2 = 0.157162 (+0.980023, -0.943976)
u_star_0 = 0.449174 (+0.364077, -0.297660)
u_star_1 = 0.239459 (+0.401526, -0.460978)
w = 2.125879 (+0.576605, -4.544493)
