K = 3.184512 (+0.503718, -0.512802)
P = 7.446297 (+0.000006, -0.000006)
Sector_40::lc_mean = 0.126538 (+0.146601, -0.189648)
Sector_40::rho_gp = 1.695310 (+1.271353, -0.809309)
Sector_40::sigma_gp = 0.393164 (+0.199597, -0.112651)
Sector_40::sigma_lc = 1.360258 (+0.031501, -0.029769)
Sector_52_53::lc_mean = -0.314999 (+0.288375, -0.273229)
Sector_52_53::rho_gp = 1.517282 (+1.617468, -0.519954)
Sector_52_53::sigma_gp = 0.958856 (+0.245989, -0.155915)
Sector_52_53::sigma_lc = 1.536659 (+0.032013, -0.028199)
Sector_79_80::lc_mean = -0.180645 (+0.371279, -0.359792)
Sector_79_80::rho_gp = 2.100755 (+0.475407, -0.355091)
Sector_79_80::sigma_gp = 1.327552 (+0.264165, -0.193359)
Sector_79_80::sigma_lc = 1.312883 (+0.020353, -0.022307)
__b_impact_parameter = 0.166657 (+0.150121, -0.121482)
__k_unit_disk = -0.100349 (+0.146657, -0.139671)
__u_star_q1 = 0.286689 (+0.305511, -0.160166)
__u_star_q2 = 0.312425 (+0.365600, -0.206308)
a = 0.053088 (+0.000947, -0.000914)
b = 0.176441 (+0.159010, -0.128598)
density_pl = 1.751999 (+0.358066, -0.319055)
e = 0.057752 (+0.069953, -0.041554)
h = -0.082459 (+0.215920, -0.199540)
k = -0.098220 (+0.143618, -0.136671)
m_pl = 4.907524 (+0.787205, -0.820918)
means_0 = -0.589580 (+0.922304, -1.105532)
means_1 = 0.293412 (+1.076261, -1.016433)
mstar = 0.359982 (+0.019605, -0.018278)
r_pl = 2.478743 (+0.081180, -0.078070)
rho_gp_rv = 41.784064 (+37.506942, -21.353650)
ror = 0.059924 (+0.001165, -0.001198)
rstar = 0.379534 (+0.010304, -0.010265)
sigma_gp_rv = 2.889909 (+0.813727, -0.649681)
sigmas_0 = 2.973622 (+0.581615, -0.604917)
sigmas_1 = 0.885587 (+0.606484, -0.418431)
t0 = 5.753726 (+0.000631, -0.000642)
teq = 432.495123 (+6.355662, -6.841267)
u_star_0 = 0.330115 (+0.209248, -0.190582)
u_star_1 = 0.194169 (+0.372300, -0.326312)
w = -1.442502 (+3.053263, -1.270114)
spirou_jitter = 2.974 (+0.582, -0.605)
carmenes_jitter = 0.886 (+0.606, -0.418)
Sector_40_timescale = 0.382 (+0.286, -0.182)
Sector_52_53_timescale = 0.342 (+0.364, -0.117)
Sector_79_80_timescale = 0.473 (+0.107, -0.080)
m_pl_precision = 16.7277 %
r_pl_precision = 3.2751 %
P_precision = 0.0001 %
t0_precision = 0.0112 %
