K = 3.286202 (+0.530471, -0.519321)
P = 7.446297 (+0.000006, -0.000005)
Sector_40::lc_mean = 0.175490 (+0.117854, -0.155261)
Sector_40::log_rho_gp = 0.566364 (+1.083922, -1.880560)
Sector_40::log_sigma_gp = -1.028095 (+0.638175, -0.454579)
Sector_40::log_sigma_lc = 0.304014 (+0.024223, -0.029877)
Sector_52_53::lc_mean = -0.292198 (+0.424879, -0.355105)
Sector_52_53::log_rho_gp = 1.616023 (+1.174523, -1.370787)
Sector_52_53::log_sigma_gp = 0.046069 (+0.356278, -0.248384)
Sector_52_53::log_sigma_lc = 0.436783 (+0.019861, -0.021518)
Sector_79_80::lc_mean = -0.216647 (+0.354026, -0.318308)
Sector_79_80::log_rho_gp = 0.764089 (+0.217145, -0.213204)
Sector_79_80::log_sigma_gp = 0.296425 (+0.193432, -0.176961)
Sector_79_80::log_sigma_lc = 0.271915 (+0.016798, -0.017560)
__b_impact_parameter = 0.205826 (+0.199044, -0.140385)
__k_unit_disk = -0.153154 (+0.173428, -0.170766)
__u_star_q1 = 0.279880 (+0.294896, -0.160231)
__u_star_q2 = 0.326955 (+0.334784, -0.223970)
a = 0.053153 (+0.000940, -0.000994)
b = 0.218247 (+0.211183, -0.148888)
density_pl = 1.801885 (+0.376616, -0.299360)
e = 0.061691 (+0.079257, -0.042957)
h = 0.027037 (+0.172147, -0.199150)
k = -0.150690 (+0.170756, -0.170288)
logP = 2.007717 (+0.000001, -0.000001)
log_rho_gp_rv = 10.345616 (+53.365868, -40.579742)
log_ror = -2.812175 (+0.022597, -0.020429)
log_sigma_gp_rv = -14.236221 (+14.915244, -54.783417)
m_pl = 5.035745 (+0.874625, -0.760643)
means_0 = -0.006625 (+5.865301, -6.213740)
means_1 = -0.105337 (+3.316400, -3.591175)
mstar = 0.361317 (+0.019508, -0.019892)
r_pl = 2.485457 (+0.074089, -0.084233)
ror = 0.060074 (+0.001373, -0.001215)
rstar = 0.378342 (+0.010362, -0.011593)
sigmas_0 = 4.303846 (+0.627975, -0.625252)
sigmas_1 = 1.147931 (+0.768076, -0.651645)
t0 = 5.753683 (+0.000665, -0.000551)
teq = 431.512485 (+6.567650, -6.999604)
trend_0 = -0.000013 (+0.000006, -0.000007)
trend_1 = -0.001100 (+0.002477, -0.002242)
u_star_0 = 0.328211 (+0.215794, -0.192640)
u_star_1 = 0.177386 (+0.381773, -0.299213)
w = -1.239294 (+1.553565, -1.056756)
Sector_40_timescale = 0.397 (+0.430, -0.746)
Sector_52_53_timescale = 1.133 (+1.331, -1.553)
Sector_79_80_timescale = 0.483 (+0.105, -0.103)
