K = 3.262898 (+0.497345, -0.484661)
P = 7.446298 (+0.000006, -0.000006)
Q0 = 505.788617 (+348.317718, -321.856428)
Sector_40::lc_mean = 0.129273 (+0.139783, -0.193023)
Sector_40::rho_gp = 1.707653 (+1.226570, -0.797288)
Sector_40::sigma_gp = 0.385504 (+0.182534, -0.106644)
Sector_40::sigma_lc = 1.359168 (+0.033302, -0.032246)
Sector_52_53::lc_mean = -0.319565 (+0.261339, -0.269452)
Sector_52_53::rho_gp = 1.486793 (+1.783009, -0.517964)
Sector_52_53::sigma_gp = 0.958447 (+0.229320, -0.155947)
Sector_52_53::sigma_lc = 1.537190 (+0.030417, -0.029617)
Sector_79_80::lc_mean = -0.185476 (+0.356506, -0.348508)
Sector_79_80::rho_gp = 2.084247 (+0.499758, -0.364750)
Sector_79_80::sigma_gp = 1.325322 (+0.278765, -0.200376)
Sector_79_80::sigma_lc = 1.312393 (+0.022351, -0.022222)
__b_impact_parameter = 0.202603 (+0.191193, -0.136509)
__k_unit_disk = -0.149102 (+0.166173, -0.154492)
__u_star_q1 = 0.288552 (+0.290900, -0.161134)
__u_star_q2 = 0.305669 (+0.365861, -0.210365)
a = 0.053170 (+0.000951, -0.000970)
b = 0.214652 (+0.203042, -0.144700)
dQ = 473.021013 (+356.600635, -327.433337)
density_pl = 1.809716 (+0.361546, -0.338337)
e = 0.068871 (+0.076733, -0.048423)
f = 0.557754 (+0.289759, -0.312343)
gp_period = 69.403228 (+0.510650, -0.518155)
h = 0.116437 (+0.154187, -0.206640)
k = -0.146690 (+0.163536, -0.150428)
m_pl = 5.022699 (+0.817478, -0.770488)
means_0 = 0.124375 (+0.547818, -0.569448)
means_1 = 0.064402 (+0.479901, -0.459710)
mstar = 0.361662 (+0.019752, -0.019442)
r_pl = 2.483067 (+0.085204, -0.088603)
ror = 0.060098 (+0.001210, -0.001259)
rstar = 0.378838 (+0.010295, -0.010533)
sigma_gp_rv = 2.734240 (+1.575025, -0.952889)
sigmas_0 = 3.342570 (+0.555920, -0.480362)
sigmas_1 = 0.947065 (+0.579225, -0.469153)
t0 = 5.753695 (+0.000631, -0.000649)
teq = 431.711161 (+6.562006, -6.835474)
u_star_0 = 0.334707 (+0.202121, -0.211968)
u_star_1 = 0.205110 (+0.361029, -0.327057)
w = -0.875859 (+1.028393, -1.023033)
spirou_jitter = 3.343 (+0.556, -0.480)
carmenes_jitter = 0.947 (+0.579, -0.469)
Sector_40_timescale = 0.384 (+0.276, -0.179)
Sector_52_53_timescale = 0.335 (+0.401, -0.117)
Sector_79_80_timescale = 0.469 (+0.112, -0.082)
m_pl_precision = 16.2757 %
r_pl_precision = 3.5683 %
P_precision = 0.0001 %
t0_precision = 0.0113 %
