log_t0 = 1.749913 (+0.000115, -0.000112)
log_P = 2.007717 (+0.000001, -0.000001)
log_K_0 = 1.168481 (+0.083064, -0.082370)
log_ror = -2.808455 (+0.018729, -0.018608)
lc_mean = -0.008400 (+0.024408, -0.024909)
means_0 = 0.304083 (+0.532580, -0.524444)
means_1 = 0.112179 (+0.485683, -0.497743)
log_sigmas_0 = 1.186797 (+0.153988, -0.168303)
log_sigmas_1 = -0.094623 (+0.499283, -0.664448)
q1 = 0.241253 (+0.262866, -0.130555)
q2 = 0.322204 (+0.345532, -0.222417)
mstar = 0.345812 (+0.017791, -0.018084)
rstar = 0.362917 (+0.012239, -0.013385)
b = 0.181494 (+0.178430, -0.123144)
e = 0.090831 (+0.080943, -0.060310)
w = -0.812964 (+0.643631, -0.876592)
logs = 0.001724 (+0.002833, -0.001297)
sigma_gp = 2.488958 (+1.145292, -0.735518)
gp_period = 69.448324 (+0.460264, -0.461343)
log_Q0 = 6.092305 (+1.383171, -2.026830)
log_dQ = 4.339725 (+3.955797, -4.982653)
f = 0.599096 (+0.271346, -0.298823)
u_star_0 = 0.312026 (+0.202791, -0.193891)
u_star_1 = 0.166872 (+0.347047, -0.286048)
t0 = 5.754103 (+0.000665, -0.000643)
P = 7.446295 (+0.000007, -0.000007)
K_0 = 3.217102 (+0.278638, -0.254372)
ror = 0.060298 (+0.001140, -0.001112)
r_pl = 2.384304 (+0.092952, -0.096576)
m_pl_0 = 4.801388 (+0.446444, -0.411449)
density_pl_0 = 1.945575 (+0.322222, -0.268835)
a_0 = 0.052382 (+0.000883, -0.000929)
teq_0 = 444.501732 (+8.154793, -9.280293)
spirou_jitter = 3.277 (+0.505, -0.551)
carmenes_jitter = 0.910 (+0.454, -0.604)
m_pl_0_precision = 9.2982 %
r_pl_precision = 4.0505 %
P_precision = 0.0001 %
t0_precision = 0.0115 %
