K = 3.265144 (+0.578286, -0.581343)
P = 7.446297 (+0.000007, -0.000006)
Sector_40::lc_mean = 0.131783 (+0.137787, -0.191056)
Sector_40::rho_gp = 1.700037 (+1.235911, -0.818624)
Sector_40::sigma_gp = 0.388847 (+0.182194, -0.104270)
Sector_40::sigma_lc = 1.360126 (+0.029594, -0.029927)
Sector_52_53::lc_mean = -0.305396 (+0.277404, -0.284265)
Sector_52_53::rho_gp = 1.499062 (+1.569697, -0.510375)
Sector_52_53::sigma_gp = 0.961846 (+0.243400, -0.169251)
Sector_52_53::sigma_lc = 1.537444 (+0.031393, -0.029740)
Sector_79_80::lc_mean = -0.183737 (+0.350390, -0.331475)
Sector_79_80::rho_gp = 2.083638 (+0.459336, -0.359381)
Sector_79_80::sigma_gp = 1.335395 (+0.256849, -0.217698)
Sector_79_80::sigma_lc = 1.311079 (+0.021508, -0.021085)
__b_impact_parameter = 0.245293 (+0.207615, -0.164879)
__k_unit_disk = -0.197037 (+0.179404, -0.165547)
__u_star_q1 = 0.270200 (+0.292446, -0.135573)
__u_star_q2 = 0.332367 (+0.334823, -0.227142)
a = 0.053181 (+0.000950, -0.000938)
b = 0.259997 (+0.220135, -0.174770)
density_pl = 1.801745 (+0.392354, -0.365602)
e = 0.078528 (+0.091343, -0.054968)
h = 0.018792 (+0.180760, -0.203148)
k = -0.192766 (+0.175309, -0.168027)
m_pl = 5.028586 (+0.900310, -0.895211)
means_0 = 0.568488 (+1.231115, -1.158090)
means_1 = 2.279433 (+0.945405, -0.925563)
mstar = 0.361877 (+0.019745, -0.018827)
r_pl = 2.481164 (+0.093864, -0.089675)
ror = 0.060245 (+0.001473, -0.001308)
rstar = 0.377747 (+0.010531, -0.011248)
sigmas_0 = 7.940254 (+0.796151, -0.659192)
sigmas_1 = 1.138321 (+0.618938, -0.522284)
t0 = 5.753709 (+0.000662, -0.000630)
teq = 431.082953 (+6.071687, -7.372671)
trend_0 = -0.000025 (+0.000011, -0.000011)
trend_1 = 0.001252 (+0.003935, -0.004152)
u_star_0 = 0.346527 (+0.207893, -0.211184)
u_star_1 = 0.179124 (+0.373587, -0.307927)
w = -1.330922 (+1.129388, -0.986991)
spirou_jitter = 7.940 (+0.796, -0.659)
carmenes_jitter = 1.138 (+0.619, -0.522)
Sector_40_timescale = 0.383 (+0.278, -0.184)
Sector_52_53_timescale = 0.337 (+0.353, -0.115)
Sector_79_80_timescale = 0.469 (+0.103, -0.081)
m_pl_precision = 17.9038 %
r_pl_precision = 3.7831 %
P_precision = 0.0001 %
t0_precision = 0.0115 %
