log_t0 = 1.749910 (+0.000114, -0.000110)
log_P = 2.007717 (+0.000001, -0.000001)
log_K_0 = 1.160375 (+0.083673, -0.082800)
log_ror = -2.809236 (+0.017671, -0.018070)
lc_mean = -0.010156 (+0.026095, -0.025079)
trend_0 = -0.000016 (+0.000006, -0.000006)
trend_1 = 0.000500 (+0.002141, -0.002036)
trend_2 = 0.262302 (+0.889109, -0.879424)
means_0 = 0.841196 (+1.064507, -1.065318)
means_1 = 1.502193 (+1.184662, -1.174831)
log_sigmas_0 = 1.165886 (+0.160700, -0.176795)
log_sigmas_1 = -0.169518 (+0.492303, -0.659399)
q1 = 0.239189 (+0.254695, -0.130491)
q2 = 0.322258 (+0.372195, -0.226619)
mstar = 0.344650 (+0.018390, -0.017287)
rstar = 0.364103 (+0.012290, -0.013911)
b = 0.165930 (+0.166911, -0.114665)
e = 0.073962 (+0.070367, -0.050481)
w = -1.037490 (+0.969588, -1.147993)
logs = 0.001696 (+0.002896, -0.001254)
sigma_gp = 2.222850 (+1.158953, -0.749354)
gp_period = 69.257330 (+0.626198, -0.729217)
log_Q0 = 5.434616 (+1.792400, -2.158411)
log_dQ = 3.856992 (+4.221124, -4.732241)
f = 0.578081 (+0.293763, -0.301123)
u_star_0 = 0.312274 (+0.205926, -0.197467)
u_star_1 = 0.164576 (+0.346203, -0.295241)
t0 = 5.754085 (+0.000658, -0.000635)
P = 7.446295 (+0.000007, -0.000007)
K_0 = 3.191129 (+0.278501, -0.253582)
ror = 0.060251 (+0.001074, -0.001079)
r_pl = 2.392171 (+0.091760, -0.100085)
m_pl_0 = 4.764986 (+0.454067, -0.412412)
density_pl_0 = 1.920035 (+0.306634, -0.261914)
a_0 = 0.052323 (+0.000915, -0.000890)
teq_0 = 445.566657 (+7.841031, -9.600499)
spirou_jitter = 3.209 (+0.516, -0.567)
carmenes_jitter = 0.844 (+0.416, -0.557)
m_pl_0_precision = 9.5292 %
r_pl_precision = 4.1839 %
P_precision = 0.0001 %
t0_precision = 0.0114 %
