log_t0 = 1.749912 (+0.000116, -0.000109)
log_P = 2.007717 (+0.000001, -0.000001)
log_K_0 = 1.162647 (+0.082055, -0.086136)
log_ror = -2.809119 (+0.017707, -0.018467)
lc_mean = -0.009494 (+0.025528, -0.025742)
trend_0 = -0.000016 (+0.000006, -0.000006)
trend_1 = 0.000488 (+0.002085, -0.002043)
trend_2 = 0.255898 (+0.918496, -0.903351)
means_0 = 0.841954 (+1.102134, -1.043208)
means_1 = 1.508243 (+1.171991, -1.155558)
log_sigmas_0 = 1.164627 (+0.160069, -0.173592)
log_sigmas_1 = -0.186086 (+0.506927, -0.652244)
q1 = 0.245642 (+0.250517, -0.135615)
q2 = 0.315210 (+0.358847, -0.217919)
mstar = 0.345348 (+0.018126, -0.018171)
rstar = 0.363947 (+0.012278, -0.013060)
b = 0.160489 (+0.167260, -0.115669)
e = 0.074241 (+0.066686, -0.050040)
w = -1.031023 (+0.935148, -1.191117)
logs = 0.001725 (+0.002924, -0.001285)
sigma_gp = 2.207347 (+1.123095, -0.730684)
gp_period = 69.231026 (+0.646032, -0.704859)
log_Q0 = 5.394079 (+1.738108, -2.067344)
log_dQ = 3.904184 (+4.147277, -4.762931)
f = 0.584537 (+0.280292, -0.296671)
u_star_0 = 0.307364 (+0.202093, -0.191677)
u_star_1 = 0.178226 (+0.341246, -0.298109)
t0 = 5.754097 (+0.000668, -0.000625)
P = 7.446295 (+0.000006, -0.000007)
K_0 = 3.198387 (+0.273510, -0.263965)
ror = 0.060258 (+0.001077, -0.001103)
r_pl = 2.389991 (+0.090515, -0.092922)
m_pl_0 = 4.771239 (+0.444698, -0.422039)
density_pl_0 = 1.922767 (+0.299294, -0.258908)
a_0 = 0.052358 (+0.000900, -0.000935)
teq_0 = 445.374066 (+7.610762, -9.087087)
spirou_jitter = 3.205 (+0.513, -0.556)
carmenes_jitter = 0.830 (+0.421, -0.541)
m_pl_0_precision = 9.3204 %
r_pl_precision = 3.8880 %
P_precision = 0.0001 %
t0_precision = 0.0116 %
