elpd_loo = -294.071544
p_loo = 6.813808
loo_se = 8.072317
elpd_waic = -293.989390
p_waic = 6.731654
waic_se = 8.060892
