log_t0 = 1.749913 (+0.000114, -0.000107)
log_P = 2.007717 (+0.000001, -0.000001)
log_K_0 = 1.167858 (+0.083811, -0.082700)
log_ror = -2.808353 (+0.019581, -0.019881)
lc_mean = -0.009627 (+0.026274, -0.025726)
trend_0 = -0.000021 (+0.000006, -0.000006)
trend_1 = 0.001871 (+0.002051, -0.001991)
trend_2 = 0.333897 (+0.920707, -0.908531)
means_0 = 0.803646 (+1.092667, -1.109440)
means_1 = 2.243145 (+1.168849, -1.197208)
log_sigmas_0 = 1.398749 (+0.122142, -0.130104)
log_sigmas_1 = 0.145245 (+0.418218, -0.649078)
q1 = 0.236219 (+0.269029, -0.132043)
q2 = 0.321382 (+0.364530, -0.224642)
mstar = 0.344885 (+0.017735, -0.017047)
rstar = 0.363146 (+0.012503, -0.012733)
b = 0.170125 (+0.178428, -0.119693)
e = 0.075144 (+0.071724, -0.049144)
w = -1.605741 (+1.264430, -0.924819)
logs = 0.001744 (+0.003116, -0.001308)
u_star_0 = 0.300059 (+0.221071, -0.191283)
u_star_1 = 0.161767 (+0.359827, -0.290853)
t0 = 5.754104 (+0.000654, -0.000618)
P = 7.446295 (+0.000007, -0.000007)
K_0 = 3.215098 (+0.281076, -0.255190)
ror = 0.060304 (+0.001192, -0.001187)
r_pl = 2.389447 (+0.091305, -0.096437)
m_pl_0 = 4.800874 (+0.443111, -0.416024)
density_pl_0 = 1.936123 (+0.303603, -0.253791)
a_0 = 0.052335 (+0.000882, -0.000877)
teq_0 = 444.805362 (+8.165602, -8.823783)
spirou_jitter = 4.050 (+0.495, -0.527)
carmenes_jitter = 1.156 (+0.484, -0.751)
m_pl_0_precision = 9.2298 %
r_pl_precision = 4.0359 %
P_precision = 0.0001 %
t0_precision = 0.0114 %
