K = 3.199975 (+0.525688, -0.457210)
P = 7.446298 (+0.000006, -0.000006)
Sector_40::lc_mean = 0.147557 (+0.118803, -0.156093)
Sector_40::log_rho_gp = 0.628027 (+0.875274, -0.879009)
Sector_40::log_sigma_gp = -1.118619 (+0.401146, -0.396876)
Sector_40::log_sigma_lc = 0.308949 (+0.022802, -0.023530)
Sector_52_53::lc_mean = -0.288560 (+0.372287, -0.369056)
Sector_52_53::log_rho_gp = 1.543216 (+1.312267, -1.316853)
Sector_52_53::log_sigma_gp = 0.044580 (+0.366201, -0.245399)
Sector_52_53::log_sigma_lc = 0.435952 (+0.018409, -0.018346)
Sector_79_80::lc_mean = -0.206063 (+0.369429, -0.367880)
Sector_79_80::log_rho_gp = 0.770395 (+0.209590, -0.197128)
Sector_79_80::log_sigma_gp = 0.291950 (+0.197770, -0.171545)
Sector_79_80::log_sigma_lc = 0.272297 (+0.016387, -0.016822)
__b_impact_parameter = 0.168425 (+0.147236, -0.113752)
__k_unit_disk = -0.099661 (+0.164907, -0.153603)
__u_star_q1 = 0.304288 (+0.307070, -0.173898)
__u_star_q2 = 0.296981 (+0.366371, -0.199481)
a = 0.053065 (+0.000955, -0.000965)
b = 0.178458 (+0.156416, -0.120556)
density_pl = 1.768039 (+0.344499, -0.299820)
e = 0.053357 (+0.064924, -0.037221)
h = -0.047468 (+0.207137, -0.189239)
k = -0.097360 (+0.162025, -0.151308)
logP = 2.007717 (+0.000001, -0.000001)
log_rho_gp_rv = 3.524785 (+0.766861, -0.854083)
log_ror = -2.814323 (+0.018167, -0.019310)
log_sigma_gp_rv = 0.922829 (+0.258116, -0.306316)
m_pl = 4.921046 (+0.838364, -0.754768)
means_0 = 0.038491 (+5.828800, -5.976123)
means_1 = -0.258185 (+3.445997, -3.400790)
mstar = 0.359513 (+0.019772, -0.019255)
r_pl = 2.480091 (+0.085029, -0.077775)
ror = 0.059945 (+0.001099, -0.001146)
rstar = 0.379756 (+0.010053, -0.010152)
sigmas_0 = 3.165046 (+0.693645, -0.705663)
sigmas_1 = 0.783017 (+0.730039, -0.502443)
t0 = 5.753726 (+0.000596, -0.000662)
teq = 432.766307 (+6.375846, -6.893531)
u_star_0 = 0.328431 (+0.200246, -0.195271)
u_star_1 = 0.222616 (+0.360297, -0.340231)
w = -1.195613 (+2.715881, -1.426317)
Sector_40_timescale = 0.422 (+0.369, -0.371)
Sector_52_53_timescale = 1.053 (+1.382, -1.387)
Sector_79_80_timescale = 0.486 (+0.102, -0.096)
