K = 3.267546 (+0.628777, -0.546812)
P = 7.446298 (+0.000007, -0.000006)
Sector_40::lc_mean = 0.155308 (+0.122681, -0.163755)
Sector_40::log_rho_gp = 0.612082 (+1.113407, -0.837975)
Sector_40::log_sigma_gp = -1.124190 (+0.430898, -0.377671)
Sector_40::log_sigma_lc = 0.308575 (+0.021595, -0.021112)
Sector_52_53::lc_mean = -0.320052 (+0.351317, -0.344245)
Sector_52_53::log_rho_gp = 1.353730 (+1.444652, -1.150718)
Sector_52_53::log_sigma_gp = 0.019100 (+0.339127, -0.248252)
Sector_52_53::log_sigma_lc = 0.436088 (+0.018688, -0.020739)
Sector_79_80::lc_mean = -0.208919 (+0.411895, -0.392679)
Sector_79_80::log_rho_gp = 0.766891 (+0.219025, -0.199233)
Sector_79_80::log_sigma_gp = 0.287078 (+0.214552, -0.170270)
Sector_79_80::log_sigma_lc = 0.270977 (+0.017132, -0.015819)
__b_impact_parameter = 0.184517 (+0.178677, -0.129192)
__k_unit_disk = -0.123021 (+0.166919, -0.157253)
__u_star_q1 = 0.289422 (+0.274490, -0.153477)
__u_star_q2 = 0.323699 (+0.359453, -0.219921)
a = 0.053120 (+0.000917, -0.000986)
b = 0.195424 (+0.190073, -0.136834)
density_pl = 1.805947 (+0.405803, -0.364392)
e = 0.064977 (+0.079136, -0.048312)
h = -0.070555 (+0.215198, -0.192288)
k = -0.120111 (+0.162745, -0.151823)
logP = 2.007717 (+0.000001, -0.000001)
log_ror = -2.813258 (+0.019594, -0.019487)
log_sigmas_rv_0 = 1.134573 (+0.219062, -0.255592)
log_sigmas_rv_1 = -0.217954 (+0.537120, -0.672116)
m_pl = 5.031971 (+1.000499, -0.873006)
means_0 = 0.945723 (+1.191454, -1.100273)
means_1 = 1.868729 (+1.318387, -1.307196)
mstar = 0.360640 (+0.019002, -0.019718)
r_pl = 2.481122 (+0.082945, -0.075747)
ror = 0.060009 (+0.001187, -0.001158)
rstar = 0.379609 (+0.010315, -0.010465)
t0 = 5.753686 (+0.000676, -0.000622)
teq = 432.334369 (+6.364385, -6.582961)
trend_0 = -0.000024 (+0.000008, -0.000008)
trend_1 = 0.000220 (+0.002353, -0.002441)
trend_2 = 0.126473 (+0.855457, -0.903041)
u_star_0 = 0.345174 (+0.208699, -0.210382)
u_star_1 = 0.188894 (+0.367921, -0.328388)
w = -1.461949 (+2.500037, -1.156343)
spirou_jitter = 3.110 (+0.681, -0.795)
carmenes_jitter = 0.804 (+0.432, -0.540)
Sector_40_timescale = 0.415 (+0.462, -0.348)
Sector_52_53_timescale = 0.871 (+1.259, -1.003)
Sector_79_80_timescale = 0.485 (+0.106, -0.097)
