K = 3.210751 (+0.509556, -0.514976)
P = 7.446298 (+0.000007, -0.000006)
Sector_40::lc_mean = 0.160830 (+0.115475, -0.152147)
Sector_40::log_rho_gp = 0.585588 (+0.986440, -0.875992)
Sector_40::log_sigma_gp = -1.139562 (+0.409550, -0.393276)
Sector_40::log_sigma_lc = 0.309719 (+0.022647, -0.022442)
Sector_52_53::lc_mean = -0.305549 (+0.344759, -0.362763)
Sector_52_53::log_rho_gp = 1.381845 (+1.397950, -1.180460)
Sector_52_53::log_sigma_gp = 0.013691 (+0.340807, -0.226907)
Sector_52_53::log_sigma_lc = 0.434754 (+0.019413, -0.019939)
Sector_79_80::lc_mean = -0.196655 (+0.354994, -0.354102)
Sector_79_80::log_rho_gp = 0.765502 (+0.229591, -0.211878)
Sector_79_80::log_sigma_gp = 0.276984 (+0.205104, -0.157293)
Sector_79_80::log_sigma_lc = 0.271040 (+0.016473, -0.016429)
__b_impact_parameter = 0.161177 (+0.154464, -0.112608)
__k_unit_disk = -0.092560 (+0.150380, -0.157182)
__u_star_q1 = 0.292154 (+0.284677, -0.155028)
__u_star_q2 = 0.300117 (+0.388484, -0.196482)
a = 0.053095 (+0.000956, -0.001011)
b = 0.170761 (+0.163779, -0.119321)
density_pl = 1.761986 (+0.363029, -0.301388)
e = 0.052243 (+0.064068, -0.036810)
h = -0.024855 (+0.194114, -0.207668)
k = -0.089827 (+0.146276, -0.157138)
logP = 2.007717 (+0.000001, -0.000001)
log_rho_gp_rv = 3.604957 (+0.934025, -1.000274)
log_ror = -2.814548 (+0.018614, -0.018307)
log_sigma_gp_rv = 0.863102 (+0.281032, -0.830792)
m_pl = 4.941369 (+0.813115, -0.812574)
means_0 = 0.191213 (+5.361501, -6.013101)
means_1 = -0.096529 (+3.512857, -3.606526)
mstar = 0.360120 (+0.019807, -0.020189)
r_pl = 2.479932 (+0.075089, -0.075309)
ror = 0.059932 (+0.001126, -0.001087)
rstar = 0.379464 (+0.009612, -0.009352)
sigmas_0 = 3.305637 (+0.935697, -0.749053)
sigmas_1 = 0.862591 (+0.819600, -0.586646)
t0 = 5.753727 (+0.000689, -0.000675)
teq = 432.460175 (+6.153636, -5.938466)
u_star_0 = 0.331976 (+0.210082, -0.197974)
u_star_1 = 0.223474 (+0.331980, -0.365189)
w = -1.108472 (+2.541298, -1.472893)
Sector_40_timescale = 0.404 (+0.399, -0.354)
Sector_52_53_timescale = 0.896 (+1.253, -1.058)
Sector_79_80_timescale = 0.484 (+0.111, -0.103)
