elpd_loo = -308.814635
p_loo = 13.764038
loo_se = 11.455484
elpd_waic = -308.059606
p_waic = 13.009008
waic_se = 11.200395
