K = 3.311381 (+0.508448, -0.515363)
P = 7.446298 (+0.000007, -0.000006)
Q0 = 470.339966 (+360.919273, -321.202572)
Sector_40::lc_mean = 0.140662 (+0.127015, -0.171019)
Sector_40::rho_gp = 1.652411 (+1.205859, -0.767039)
Sector_40::sigma_gp = 0.379988 (+0.178331, -0.099242)
Sector_40::sigma_lc = 1.361975 (+0.029598, -0.031672)
Sector_52_53::lc_mean = -0.294512 (+0.275883, -0.292741)
Sector_52_53::rho_gp = 1.486289 (+1.595455, -0.502045)
Sector_52_53::sigma_gp = 0.963117 (+0.230550, -0.172851)
Sector_52_53::sigma_lc = 1.536835 (+0.032115, -0.029228)
Sector_79_80::lc_mean = -0.177618 (+0.339538, -0.379866)
Sector_79_80::rho_gp = 2.108006 (+0.511963, -0.379512)
Sector_79_80::sigma_gp = 1.336728 (+0.280463, -0.219128)
Sector_79_80::sigma_lc = 1.312331 (+0.021821, -0.020931)
__b_impact_parameter = 0.223572 (+0.181697, -0.143388)
__k_unit_disk = -0.160662 (+0.149686, -0.142252)
__u_star_q1 = 0.298000 (+0.292046, -0.158500)
__u_star_q2 = 0.293800 (+0.374024, -0.212868)
a = 0.053145 (+0.000972, -0.001036)
b = 0.237072 (+0.192817, -0.152063)
dQ = 473.950329 (+344.833862, -325.422395)
density_pl = 1.807424 (+0.360217, -0.343843)
e = 0.149571 (+0.090972, -0.094011)
f = 0.501792 (+0.357330, -0.335564)
gp_period = 69.459827 (+0.619755, -0.700134)
h = 0.328500 (+0.102171, -0.181994)
k = -0.150021 (+0.140095, -0.137257)
m_pl = 5.024887 (+0.794089, -0.782226)
means_0 = 0.963846 (+0.700627, -0.681041)
means_1 = 1.172488 (+0.843683, -0.829580)
mstar = 0.361141 (+0.020177, -0.020713)
r_pl = 2.485329 (+0.084166, -0.090461)
ror = 0.060126 (+0.001242, -0.001258)
rstar = 0.378504 (+0.010416, -0.010702)
sigma_gp_rv = 2.510528 (+1.736702, -0.916693)
sigmas_0 = 3.305344 (+0.574828, -0.519587)
sigmas_1 = 0.850604 (+0.578726, -0.432748)
t0 = 5.753721 (+0.000663, -0.000640)
teq = 431.623948 (+6.863330, -7.083929)
trend_0 = -0.000018 (+0.000008, -0.000007)
trend_1 = -0.001287 (+0.002225, -0.002335)
u_star_0 = 0.322183 (+0.222749, -0.209080)
u_star_1 = 0.225945 (+0.365903, -0.353843)
w = -0.434437 (+0.404228, -0.462521)
spirou_jitter = 3.305 (+0.575, -0.520)
carmenes_jitter = 0.851 (+0.579, -0.433)
Sector_40_timescale = 0.372 (+0.271, -0.173)
Sector_52_53_timescale = 0.335 (+0.359, -0.113)
Sector_79_80_timescale = 0.474 (+0.115, -0.085)
m_pl_precision = 15.8031 %
r_pl_precision = 3.6398 %
P_precision = 0.0001 %
t0_precision = 0.0115 %
