K = 3.294242 (+0.632700, -0.616043)
P = 7.446298 (+0.000006, -0.000007)
Sector_40::lc_mean = 0.156242 (+0.128729, -0.167510)
Sector_40::log_rho_gp = 0.591753 (+0.909479, -0.867890)
Sector_40::log_sigma_gp = -1.102747 (+0.450106, -0.366050)
Sector_40::log_sigma_lc = 0.307276 (+0.023477, -0.021774)
Sector_40_gp_lc_pred = 0.074564 (+0.246336, -0.260495)
Sector_40_lc = 0.141500 (+0.133498, -0.276365)
Sector_40_lc_phase = 0.130528 (+0.135833, -0.397182)
Sector_52_53::lc_mean = -0.309419 (+0.332328, -0.324234)
Sector_52_53::log_rho_gp = 1.280316 (+1.505786, -1.118888)
Sector_52_53::log_sigma_gp = 0.019922 (+0.320650, -0.229857)
Sector_52_53::log_sigma_lc = 0.435111 (+0.018916, -0.020536)
Sector_52_53_gp_lc_pred = 0.195890 (+0.553777, -0.691810)
Sector_52_53_lc = -0.352320 (+0.348715, -0.494120)
Sector_52_53_lc_phase = -0.371478 (+0.354208, -0.646243)
Sector_79_80::lc_mean = -0.184775 (+0.356078, -0.348130)
Sector_79_80::log_rho_gp = 0.765979 (+0.206469, -0.195339)
Sector_79_80::log_sigma_gp = 0.286921 (+0.198051, -0.173149)
Sector_79_80::log_sigma_lc = 0.271240 (+0.017100, -0.016275)
Sector_79_80_gp_lc_pred = 0.395402 (+0.583821, -1.709871)
Sector_79_80_lc = -0.222846 (+0.366703, -0.459359)
Sector_79_80_lc_phase = -0.253352 (+0.384836, -0.632392)
__b_impact_parameter = 0.193533 (+0.172461, -0.127692)
__k_unit_disk = -0.135424 (+0.148852, -0.148542)
__u_star_q1 = 0.299423 (+0.292557, -0.158830)
__u_star_q2 = 0.301943 (+0.336210, -0.193373)
a = 0.053138 (+0.000939, -0.001013)
b = 0.205070 (+0.183145, -0.135301)
density_pl = 1.827784 (+0.408571, -0.385435)
e = 0.061275 (+0.071580, -0.043561)
h = -0.013631 (+0.215897, -0.199377)
k = -0.131847 (+0.144573, -0.146510)
logP = 2.007717 (+0.000001, -0.000001)
log_ror = -2.813847 (+0.020043, -0.020309)
log_sigmas_rv = 0.764622 (+0.561136, -1.181972)
m_pl = 5.050335 (+1.047927, -0.939084)
mean = -0.226601 (+0.590483, -0.627407)
means = -0.227019 (+0.592341, -0.619889)
mstar = 0.361000 (+0.019480, -0.020261)
r_pl = 2.480154 (+0.080914, -0.081913)
ror = 0.059974 (+0.001214, -0.001206)
rstar = 0.379379 (+0.009308, -0.010355)
rv_model = -0.240798 (+2.959019, -2.493647)
rv_model_pred = -0.001584 (+2.713415, -2.731015)
sigma = 24.794785 (+6.977989, -13.077604)
t0 = 5.753698 (+0.000658, -0.000642)
teq = 432.134911 (+6.094100, -6.444400)
u_star = 0.292931 (+0.255712, -0.267248)
vrad = -0.240798 (+2.959019, -2.493647)
vrad_pred = -0.001584 (+2.713415, -2.731015)
w = -1.250400 (+1.462634, -1.271064)
spirou_jitter = 3.425
carmenes_jitter = 0.868
Sector_40_timescale = 0.407 (+0.370, -0.353)
Sector_52_53_timescale = 0.810 (+1.219, -0.906)
Sector_79_80_timescale = 0.484 (+0.100, -0.095)
