log_t0 = 1.749910 (+0.000118, -0.000110)
log_P = 2.007717 ± 0.000001
log_K_0 = 1.155097 (+0.084222, -0.083722)
log_ror = -2.809235 (+0.017249, -0.018229)
lc_mean = -0.010188 (+0.024927, -0.025024)
means_0 = -0.616132 (+1.000883, -1.152032)
means_1 = 0.555435 (+1.156769, -1.119893)
log_sigmas_0 = 1.092115 (+0.194397, -0.235749)
log_sigmas_1 = -0.135503 (+0.504433, -0.690266)
log_rho_gp = 4.281609 (+0.682964, -0.764629)
q1 = 0.238157 (+0.234384, -0.126935)
q2 = 0.322858 (+0.358567, -0.225908)
mstar = 0.343857 (+0.017393, -0.017011)
rstar = 0.365106 (+0.012162, -0.013268)
b = 0.153201 (+0.162582, -0.106753)
e = 0.072267 (+0.074601, -0.048975)
w = -1.685223 (+1.952239, -0.958608)
logs = 0.001691 (+0.002890, -0.001250)
sigma_gp = 2.893228 (+0.915767, -0.692775)
u_star_0 = 0.313001 (+0.208955, -0.201163)
u_star_1 = 0.168570 (+0.336541, -0.297764)
t0 = 5.754087 (+0.000677, -0.000630)
P = 7.446295 (+0.000007, -0.000007)
K_0 = 3.174331 (+0.278931, -0.254941)
ror = 0.060251 (+0.001048, -0.001088)
r_pl = 2.398789 (+0.089093, -0.094996)
m_pl_0 = 4.740765 (+0.426963, -0.407425)
density_pl_0 = 1.888976 (+0.285440, -0.245115)
a_0 = 0.052283 (+0.000867, -0.000877)
teq_0 = 446.298080 (+7.635823, -8.863441)
spirou_jitter = 2.981 (+0.579, -0.703)
carmenes_jitter = 0.873 (+0.441, -0.603)
m_pl_0_precision = 9.0062 %
r_pl_precision = 3.9602 %
P_precision = 0.0001 %
t0_precision = 0.0118 %
