log_t0 = 1.749907 (+0.000114, -0.000108)
log_P = 2.007717 ± 0.000001
log_K_0 = 1.159851 (+0.082134, -0.083536)
log_ror = -2.809306 (+0.017951, -0.018774)
lc_mean = -0.009610 (+0.024984, -0.026006)
trend_0 = -0.000019 (+0.000013, -0.000013)
trend_1 = 0.002146 (+0.003782, -0.003711)
trend_2 = 0.234585 (+0.943534, -0.910885)
means_0 = 0.221798 (+1.438931, -1.532138)
means_1 = 1.809717 (+1.603524, -1.613603)
log_sigmas_0 = 1.087752 (+0.194481, -0.239567)
log_sigmas_1 = -0.129191 (+0.530357, -0.669782)
log_rho_gp = 4.171819 (+0.846901, -1.018893)
q1 = 0.243577 (+0.256003, -0.133715)
q2 = 0.316849 (+0.360951, -0.218510)
mstar = 0.344938 (+0.017871, -0.017730)
rstar = 0.364771 (+0.012038, -0.013434)
b = 0.159817 (+0.169143, -0.112921)
e = 0.079494 (+0.080155, -0.053369)
w = -1.877866 (+1.743388, -0.838627)
logs = 0.001779 (+0.002813, -0.001315)
sigma_gp = 2.754494 (+1.176233, -0.800973)
u_star_0 = 0.311198 (+0.201858, -0.187155)
u_star_1 = 0.177741 (+0.344697, -0.301701)
t0 = 5.754067 (+0.000658, -0.000621)
P = 7.446295 (+0.000006, -0.000006)
K_0 = 3.189457 (+0.273020, -0.255608)
ror = 0.060247 (+0.001091, -0.001121)
r_pl = 2.395646 (+0.089855, -0.099815)
m_pl_0 = 4.746501 (+0.458349, -0.411907)
density_pl_0 = 1.903861 (+0.296291, -0.250170)
a_0 = 0.052338 (+0.000889, -0.000912)
teq_0 = 446.054128 (+7.469192, -9.098490)
spirou_jitter = 2.968 (+0.577, -0.711)
carmenes_jitter = 0.879 (+0.466, -0.589)
m_pl_0_precision = 9.6566 %
r_pl_precision = 4.1665 %
P_precision = 0.0001 %
t0_precision = 0.0114 %
