K = 3.204357 (+0.453401, -0.522499)
P = 7.446298 (+0.000006, -0.000006)
Sector_40::lc_mean = 0.127663 (+0.146093, -0.183703)
Sector_40::rho_gp = 1.731139 (+1.176211, -0.799851)
Sector_40::sigma_gp = 0.394199 (+0.183035, -0.114452)
Sector_40::sigma_lc = 1.360391 (+0.029366, -0.029131)
Sector_52_53::lc_mean = -0.315637 (+0.277204, -0.264268)
Sector_52_53::rho_gp = 1.516090 (+1.627264, -0.538593)
Sector_52_53::sigma_gp = 0.955746 (+0.231603, -0.163937)
Sector_52_53::sigma_lc = 1.537248 (+0.029752, -0.030563)
Sector_79_80::lc_mean = -0.186446 (+0.363012, -0.360865)
Sector_79_80::rho_gp = 2.107607 (+0.536421, -0.380664)
Sector_79_80::sigma_gp = 1.345089 (+0.291153, -0.217911)
Sector_79_80::sigma_lc = 1.312096 (+0.021388, -0.021666)
__b_impact_parameter = 0.158222 (+0.159579, -0.114432)
__k_unit_disk = -0.105347 (+0.167477, -0.136023)
__u_star_q1 = 0.299279 (+0.282550, -0.162642)
__u_star_q2 = 0.311176 (+0.351261, -0.208811)
a = 0.053080 (+0.000984, -0.001027)
b = 0.167845 (+0.169116, -0.121502)
density_pl = 1.763719 (+0.334112, -0.315421)
e = 0.059741 (+0.078594, -0.041764)
h = -0.109003 (+0.220113, -0.188205)
k = -0.100565 (+0.161740, -0.134545)
m_pl = 4.901515 (+0.741323, -0.794003)
means_0 = 0.574394 (+1.245088, -1.400678)
means_1 = 1.701952 (+1.407151, -1.447670)
mstar = 0.359820 (+0.020376, -0.020479)
r_pl = 2.480757 (+0.080548, -0.082077)
rho_gp_rv = 39.185105 (+38.751443, -20.908637)
ror = 0.059905 (+0.001146, -0.001138)
rstar = 0.379855 (+0.009591, -0.010277)
sigma_gp_rv = 2.752851 (+0.904441, -0.691018)
sigmas_0 = 2.990969 (+0.587096, -0.648190)
sigmas_1 = 0.918017 (+0.631592, -0.458971)
t0 = 5.753698 (+0.000672, -0.000635)
teq = 432.578294 (+6.641576, -6.688141)
trend_0 = -0.000021 (+0.000015, -0.000015)
trend_1 = 0.000558 (+0.004227, -0.003920)
u_star_0 = 0.339926 (+0.194766, -0.203509)
u_star_1 = 0.207788 (+0.362199, -0.329630)
w = -1.622205 (+3.379169, -1.111384)
spirou_jitter = 2.991 (+0.587, -0.648)
carmenes_jitter = 0.918 (+0.632, -0.459)
Sector_40_timescale = 0.390 (+0.265, -0.180)
Sector_52_53_timescale = 0.341 (+0.366, -0.121)
Sector_79_80_timescale = 0.474 (+0.121, -0.086)
m_pl_precision = 16.1991 %
r_pl_precision = 3.3086 %
P_precision = 0.0001 %
t0_precision = 0.0117 %
