K = 3.281269 (+0.587558, -0.590061)
P = 7.446298 (+0.000006, -0.000006)
Sector_40::lc_mean = 0.161261 (+0.113884, -0.154204)
Sector_40::log_rho_gp = 0.609026 (+1.050208, -0.936200)
Sector_40::log_sigma_gp = -1.126093 (+0.416575, -0.347894)
Sector_40::log_sigma_lc = 0.309797 (+0.020504, -0.022399)
Sector_52_53::lc_mean = -0.305841 (+0.363080, -0.374808)
Sector_52_53::log_rho_gp = 1.442587 (+1.338402, -1.264748)
Sector_52_53::log_sigma_gp = 0.021232 (+0.335109, -0.230509)
Sector_52_53::log_sigma_lc = 0.435774 (+0.020243, -0.020479)
Sector_79_80::lc_mean = -0.187997 (+0.344772, -0.348815)
Sector_79_80::log_rho_gp = 0.759815 (+0.210675, -0.201809)
Sector_79_80::log_sigma_gp = 0.282545 (+0.188476, -0.170820)
Sector_79_80::log_sigma_lc = 0.271050 (+0.017684, -0.017168)
__b_impact_parameter = 0.178519 (+0.162145, -0.121154)
__k_unit_disk = -0.111153 (+0.161024, -0.153670)
__u_star_q1 = 0.297510 (+0.287226, -0.162238)
__u_star_q2 = 0.298494 (+0.357693, -0.198416)
a = 0.053047 (+0.001002, -0.000997)
b = 0.189323 (+0.172006, -0.128585)
density_pl = 1.802878 (+0.400376, -0.353122)
e = 0.062940 (+0.073412, -0.044587)
h = -0.067568 (+0.217835, -0.209880)
k = -0.106669 (+0.155203, -0.154638)
logP = 2.007717 (+0.000001, -0.000001)
log_ror = -2.813849 (+0.018802, -0.020049)
log_sigmas_rv_0 = 1.140272 (+0.201198, -0.243797)
log_sigmas_rv_1 = -0.191755 (+0.547361, -0.717775)
m_pl = 5.039496 (+0.950758, -0.912747)
means_0 = 1.101184 (+0.806389, -0.754825)
means_1 = 1.978693 (+1.005951, -0.977382)
mstar = 0.359152 (+0.020739, -0.019881)
r_pl = 2.482829 (+0.082018, -0.084807)
ror = 0.059974 (+0.001138, -0.001190)
rstar = 0.379819 (+0.011081, -0.011008)
t0 = 5.753713 (+0.000645, -0.000621)
teq = 432.730686 (+7.049319, -7.726466)
trend_0 = -0.000025 (+0.000008, -0.000008)
trend_1 = 0.000250 (+0.002576, -0.002595)
u_star_0 = 0.330825 (+0.202852, -0.199899)
u_star_1 = 0.213023 (+0.366656, -0.335607)
w = -1.444728 (+2.751110, -1.227592)
spirou_jitter = 3.128 (+0.629, -0.763)
carmenes_jitter = 0.826 (+0.452, -0.593)
Sector_40_timescale = 0.414 (+0.435, -0.387)
Sector_52_53_timescale = 0.952 (+1.275, -1.205)
Sector_79_80_timescale = 0.481 (+0.101, -0.097)
