K = 3.267546 (+0.628777, -0.546812)
P = 7.446298 (+0.000007, -0.000006)
Sector_40::lc_mean = 0.155308 (+0.122681, -0.163755)
Sector_40::log_rho_gp = 0.612082 (+1.113407, -0.837975)
Sector_40::log_sigma_gp = -1.124190 (+0.430898, -0.377671)
Sector_40::log_sigma_lc = 0.308575 (+0.021595, -0.021112)
Sector_40_gp_lc_pred = 0.075991 (+0.253551, -0.262402)
Sector_40_lc = 0.135325 (+0.135477, -0.269478)
Sector_40_lc_phase = 0.124833 (+0.142302, -0.629760)
Sector_52_53::lc_mean = -0.320052 (+0.351317, -0.344245)
Sector_52_53::log_rho_gp = 1.353730 (+1.444652, -1.150718)
Sector_52_53::log_sigma_gp = 0.019100 (+0.339127, -0.248252)
Sector_52_53::log_sigma_lc = 0.436088 (+0.018688, -0.020739)
Sector_52_53_gp_lc_pred = 0.214826 (+0.554703, -0.709732)
Sector_52_53_lc = -0.367094 (+0.372868, -0.504947)
Sector_52_53_lc_phase = -0.390358 (+0.382164, -0.649454)
Sector_79_80::lc_mean = -0.208919 (+0.411895, -0.392679)
Sector_79_80::log_rho_gp = 0.766891 (+0.219025, -0.199233)
Sector_79_80::log_sigma_gp = 0.287078 (+0.214552, -0.170270)
Sector_79_80::log_sigma_lc = 0.270977 (+0.017132, -0.015819)
Sector_79_80_gp_lc_pred = 0.412277 (+0.613513, -1.696644)
Sector_79_80_lc = -0.257645 (+0.427178, -0.506155)
Sector_79_80_lc_phase = -0.288563 (+0.443031, -0.608911)
__b_impact_parameter = 0.184517 (+0.178677, -0.129192)
__k_unit_disk = -0.123021 (+0.166919, -0.157253)
__u_star_q1 = 0.289422 (+0.274490, -0.153477)
__u_star_q2 = 0.323699 (+0.359453, -0.219921)
a = 0.053120 (+0.000917, -0.000986)
b = 0.195424 (+0.190073, -0.136834)
bkg = -1.198186 (+1.632875, -2.378256)
bkg_pred = -0.951780 (+1.331750, -1.973384)
density_pl = 1.805947 (+0.405803, -0.364392)
e = 0.064977 (+0.079136, -0.048312)
h = -0.070555 (+0.215198, -0.192288)
k = -0.120111 (+0.162745, -0.151823)
logP = 2.007717 (+0.000001, -0.000001)
log_ror = -2.813258 (+0.019594, -0.019487)
log_sigmas_rv = 0.617197 (+0.625539, -1.143700)
m_pl = 5.031971 (+1.000499, -0.873006)
mean = 1.204506 (+1.336577, -1.179732)
means = 1.372013 (+1.364189, -1.230223)
mstar = 0.360640 (+0.019002, -0.019718)
r_pl = 2.481122 (+0.082945, -0.075747)
ror = 0.060009 (+0.001187, -0.001158)
rstar = 0.379609 (+0.010315, -0.010465)
rv_model = -1.595371 (+3.483164, -3.083990)
rv_model_pred = -1.210306 (+3.130660, -3.002761)
sigma = 23.014313 (+6.555925, -11.538166)
t0 = 5.753686 (+0.000676, -0.000622)
teq = 432.334369 (+6.364385, -6.582961)
trend = -0.000022 (+0.169050, -0.003886)
u_star = 0.285351 (+0.269476, -0.269276)
vrad = -0.186454 (+2.873772, -2.573022)
vrad_pred = 0.063329 (+2.615661, -2.822486)
w = -1.461949 (+2.500037, -1.156343)
spirou_jitter = 3.086
carmenes_jitter = 0.784
Sector_40_timescale = 0.415 (+0.462, -0.348)
Sector_52_53_timescale = 0.871 (+1.259, -1.003)
Sector_79_80_timescale = 0.485 (+0.106, -0.097)
