K = 3.275051 (+0.579332, -0.541073)
P = 7.446298 (+0.000007, -0.000006)
Sector_40::lc_mean = 0.134459 (+0.132259, -0.175047)
Sector_40::rho_gp = 1.684048 (+1.296000, -0.816024)
Sector_40::sigma_gp = 0.387937 (+0.190381, -0.110619)
Sector_40::sigma_lc = 1.359776 (+0.029073, -0.028681)
Sector_52_53::lc_mean = -0.304221 (+0.273719, -0.275759)
Sector_52_53::rho_gp = 1.531119 (+1.802727, -0.539252)
Sector_52_53::sigma_gp = 0.957991 (+0.255252, -0.167269)
Sector_52_53::sigma_lc = 1.537590 (+0.029858, -0.029982)
Sector_79_80::lc_mean = -0.184477 (+0.346683, -0.370645)
Sector_79_80::rho_gp = 2.085548 (+0.506189, -0.375610)
Sector_79_80::sigma_gp = 1.327432 (+0.293048, -0.195358)
Sector_79_80::sigma_lc = 1.311895 (+0.021521, -0.021104)
__b_impact_parameter = 0.198175 (+0.188952, -0.136816)
__k_unit_disk = -0.157556 (+0.174176, -0.151853)
__u_star_q1 = 0.294983 (+0.314958, -0.156786)
__u_star_q2 = 0.315234 (+0.351834, -0.217249)
a = 0.053151 (+0.000967, -0.000983)
b = 0.209958 (+0.200954, -0.144945)
density_pl = 1.828829 (+0.370805, -0.349110)
e = 0.060232 (+0.076880, -0.041664)
h = 0.029581 (+0.177139, -0.181600)
k = -0.155300 (+0.171717, -0.152107)
m_pl = 5.055814 (+0.910734, -0.865685)
means_0 = -0.275805 (+0.602455, -0.630049)
means_1 = -0.201992 (+0.543889, -0.473544)
mstar = 0.361264 (+0.020073, -0.019686)
r_pl = 2.476742 (+0.090194, -0.083069)
ror = 0.060050 (+0.001281, -0.001211)
rstar = 0.378383 (+0.010649, -0.010598)
sigmas_0 = 4.496620 (+0.550395, -0.495480)
sigmas_1 = 1.492685 (+0.617562, -0.583365)
t0 = 5.753711 (+0.000664, -0.000671)
teq = 431.545913 (+6.582279, -6.932716)
u_star_0 = 0.343540 (+0.194447, -0.209119)
u_star_1 = 0.204329 (+0.372514, -0.330268)
w = -1.183238 (+1.418746, -1.039408)
spirou_jitter = 4.497 (+0.550, -0.495)
carmenes_jitter = 1.493 (+0.618, -0.583)
Sector_40_timescale = 0.379 (+0.292, -0.184)
Sector_52_53_timescale = 0.345 (+0.406, -0.121)
Sector_79_80_timescale = 0.469 (+0.114, -0.085)
m_pl_precision = 18.0136 %
r_pl_precision = 3.6416 %
P_precision = 0.0001 %
t0_precision = 0.0117 %
