K = 3.304257 (+0.497842, -0.473356)
P = 7.446298 (+0.000007, -0.000007)
Sector_40::lc_mean = 0.129571 (+0.136751, -0.171393)
Sector_40::rho_gp = 1.645232 (+1.184996, -0.785973)
Sector_40::sigma_gp = 0.391226 (+0.188948, -0.110594)
Sector_40::sigma_lc = 1.358646 (+0.032110, -0.030779)
Sector_52_53::lc_mean = -0.304623 (+0.271679, -0.263140)
Sector_52_53::rho_gp = 1.454314 (+1.491777, -0.475512)
Sector_52_53::sigma_gp = 0.953669 (+0.227500, -0.151349)
Sector_52_53::sigma_lc = 1.537962 (+0.031079, -0.029560)
Sector_79_80::lc_mean = -0.203619 (+0.360709, -0.353370)
Sector_79_80::rho_gp = 2.083131 (+0.500067, -0.349999)
Sector_79_80::sigma_gp = 1.335493 (+0.262129, -0.206566)
Sector_79_80::sigma_lc = 1.311003 (+0.022413, -0.022049)
__b_impact_parameter = 0.187063 (+0.170974, -0.132040)
__k_unit_disk = -0.128963 (+0.158584, -0.147587)
__u_star_q1 = 0.292060 (+0.293054, -0.152561)
__u_star_q2 = 0.311998 (+0.330324, -0.218030)
a = 0.053098 (+0.000955, -0.000960)
b = 0.197982 (+0.181649, -0.139707)
density_pl = 1.825361 (+0.359847, -0.326355)
e = 0.056870 (+0.067609, -0.039101)
h = -0.039107 (+0.202167, -0.182117)
k = -0.126500 (+0.156052, -0.146166)
m_pl = 5.074384 (+0.815176, -0.753766)
means_0 = 1.010444 (+0.711521, -0.700223)
means_1 = 1.991262 (+0.876351, -0.882708)
mstar = 0.360199 (+0.019789, -0.019181)
r_pl = 2.478098 (+0.083503, -0.075675)
ror = 0.059987 (+0.001189, -0.001205)
rstar = 0.379252 (+0.010084, -0.009912)
sigmas_0 = 4.265560 (+0.540473, -0.465086)
sigmas_1 = 1.125886 (+0.608014, -0.502626)
t0 = 5.753707 (+0.000700, -0.000692)
teq = 432.138440 (+6.521607, -6.742075)
trend_0 = -0.000024 (+0.000007, -0.000008)
trend_1 = 0.000197 (+0.002516, -0.002500)
u_star_0 = 0.334188 (+0.203911, -0.203419)
u_star_1 = 0.196286 (+0.370362, -0.308745)
w = -1.403184 (+2.042920, -1.137147)
spirou_jitter = 4.266 (+0.540, -0.465)
carmenes_jitter = 1.126 (+0.608, -0.503)
Sector_40_timescale = 0.370 (+0.267, -0.177)
Sector_52_53_timescale = 0.327 (+0.336, -0.107)
Sector_79_80_timescale = 0.469 (+0.113, -0.079)
m_pl_precision = 16.0645 %
r_pl_precision = 3.3696 %
P_precision = 0.0001 %
t0_precision = 0.0122 %
