log_t0 = 1.749909 (+0.000118, -0.000110)
log_P = 2.007717 (+0.000001, -0.000001)
log_K_0 = 1.169680 (+0.082981, -0.086115)
log_ror = -2.808111 (+0.018106, -0.018843)
lc_mean = -0.009690 (+0.024949, -0.024997)
means_0 = -0.096885 (+0.581012, -0.580235)
means_1 = -0.202161 (+0.482581, -0.498007)
log_sigmas_0 = 1.495401 (+0.118894, -0.122329)
log_sigmas_1 = 0.363961 (+0.346739, -0.526864)
q1 = 0.247876 (+0.247610, -0.133935)
q2 = 0.312696 (+0.369902, -0.218133)
mstar = 0.346610 (+0.018460, -0.017783)
rstar = 0.361515 (+0.012849, -0.013899)
b = 0.188255 (+0.191608, -0.132082)
e = 0.085717 (+0.071640, -0.055863)
w = -1.281901 (+0.859123, -0.914504)
logs = 0.001752 (+0.002942, -0.001292)
u_star_0 = 0.305089 (+0.219221, -0.192729)
u_star_1 = 0.183489 (+0.336242, -0.313919)
t0 = 5.754080 (+0.000679, -0.000631)
P = 7.446295 (+0.000007, -0.000007)
K_0 = 3.220960 (+0.278680, -0.265765)
ror = 0.060319 (+0.001102, -0.001126)
r_pl = 2.376386 (+0.096323, -0.099424)
m_pl_0 = 4.815723 (+0.459495, -0.425219)
density_pl_0 = 1.973335 (+0.333678, -0.278703)
a_0 = 0.052422 (+0.000915, -0.000912)
teq_0 = 443.521444 (+8.439596, -9.754065)
spirou_jitter = 4.461 (+0.530, -0.546)
carmenes_jitter = 1.439 (+0.499, -0.758)
m_pl_0_precision = 9.5416 %
r_pl_precision = 4.1838 %
P_precision = 0.0001 %
t0_precision = 0.0118 %
