K = 3.274251 (+0.512913, -0.515976)
P = 7.446298 (+0.000006, -0.000006)
Sector_40::lc_mean = 0.166895 (+0.105158, -0.165846)
Sector_40::log_rho_gp = 0.568093 (+1.129881, -1.110076)
Sector_40::log_sigma_gp = -1.143947 (+0.427917, -0.448448)
Sector_40::log_sigma_lc = 0.309379 (+0.022882, -0.021826)
Sector_52_53::lc_mean = -0.313216 (+0.370222, -0.318889)
Sector_52_53::log_rho_gp = 1.364875 (+1.370559, -1.196089)
Sector_52_53::log_sigma_gp = 0.003019 (+0.330878, -0.215624)
Sector_52_53::log_sigma_lc = 0.435004 (+0.020614, -0.019741)
Sector_79_80::lc_mean = -0.196550 (+0.356419, -0.346533)
Sector_79_80::log_rho_gp = 0.765433 (+0.217675, -0.204683)
Sector_79_80::log_sigma_gp = 0.285146 (+0.196246, -0.162609)
Sector_79_80::log_sigma_lc = 0.271504 (+0.017312, -0.016421)
__b_impact_parameter = 0.183249 (+0.162116, -0.125919)
__k_unit_disk = -0.134866 (+0.171426, -0.135612)
__u_star_q1 = 0.286692 (+0.311184, -0.152025)
__u_star_q2 = 0.317420 (+0.363626, -0.210927)
a = 0.053110 (+0.000980, -0.000975)
b = 0.194063 (+0.172238, -0.133303)
density_pl = 1.820152 (+0.356236, -0.348152)
e = 0.056198 (+0.065066, -0.038217)
h = -0.034958 (+0.196869, -0.191781)
k = -0.132651 (+0.168827, -0.134147)
logP = 2.007717 (+0.000001, -0.000001)
log_ror = -2.814469 (+0.019103, -0.018893)
log_sigmas_rv_0 = 1.450286 (+0.118627, -0.120543)
log_sigmas_rv_1 = 0.128036 (+0.425375, -0.625487)
m_pl = 5.049295 (+0.816856, -0.829513)
means_0 = 0.998547 (+0.746999, -0.735460)
means_1 = 2.024372 (+0.813477, -0.836623)
mstar = 0.360436 (+0.020330, -0.019492)
r_pl = 2.477675 (+0.081693, -0.079909)
ror = 0.059937 (+0.001156, -0.001122)
rstar = 0.378741 (+0.010860, -0.010060)
t0 = 5.753718 (+0.000654, -0.000651)
teq = 431.896241 (+6.944233, -7.095630)
trend_0 = -0.000024 ± 0.000008
trend_1 = 0.000260 (+0.002561, -0.002529)
u_star_0 = 0.337217 (+0.202965, -0.198417)
u_star_1 = 0.194694 (+0.381537, -0.327977)
w = -1.395348 (+2.117111, -1.141783)
spirou_jitter = 4.264 (+0.506, -0.514)
carmenes_jitter = 1.137 (+0.483, -0.711)
Sector_40_timescale = 0.397 (+0.449, -0.441)
Sector_52_53_timescale = 0.881 (+1.208, -1.054)
Sector_79_80_timescale = 0.484 (+0.105, -0.099)
