elpd_loo = -409.209162
p_loo = 17.087152
loo_se = 9.689323
elpd_waic = -408.219481
p_waic = 16.097471
waic_se = 9.278442
