elpd_loo = -606.980513
p_loo = 201.532662
loo_se = 45.751715
elpd_waic = -598.965670
p_waic = 193.517819
waic_se = 58.562802
